1.734723475976807094e-18 0.000000000000000000e+00
2.500000000000000486e-02 0.000000000000000000e+00
5.000000000000001665e-02 0.000000000000000000e+00
7.500000000000001110e-02 0.000000000000000000e+00
1.000000000000000333e-01 0.000000000000000000e+00
1.250000000000000000e-01 0.000000000000000000e+00
1.499999999999999944e-01 0.000000000000000000e+00
1.750000000000000167e-01 0.000000000000000000e+00
2.000000000000000389e-01 0.000000000000000000e+00
2.250000000000000611e-01 0.000000000000000000e+00
2.500000000000000000e-01 0.000000000000000000e+00
2.750000000000000222e-01 0.000000000000000000e+00
3.000000000000000444e-01 0.000000000000000000e+00
3.250000000000000111e-01 0.000000000000000000e+00
3.500000000000000333e-01 0.000000000000000000e+00
3.750000000000000555e-01 0.000000000000000000e+00
4.000000000000000777e-01 0.000000000000000000e+00
4.250000000000000999e-01 0.000000000000000000e+00
4.500000000000001221e-01 0.000000000000000000e+00
4.750000000000000888e-01 0.000000000000000000e+00
5.000000000000001110e-01 0.000000000000000000e+00
5.250000000000001332e-01 0.000000000000000000e+00
5.500000000000001554e-01 0.000000000000000000e+00
5.750000000000001776e-01 0.000000000000000000e+00
6.000000000000001998e-01 0.000000000000000000e+00
6.250000000000002220e-01 0.000000000000000000e+00
6.500000000000002442e-01 0.000000000000000000e+00
6.750000000000000444e-01 0.000000000000000000e+00
7.000000000000001776e-01 0.000000000000000000e+00
7.250000000000000888e-01 0.000000000000000000e+00
7.500000000000002220e-01 0.000000000000000000e+00
7.750000000000001332e-01 0.000000000000000000e+00
8.000000000000002665e-01 6.188414337522832158e-05
8.250000000000001776e-01 0.000000000000000000e+00
8.500000000000003109e-01 0.000000000000000000e+00
8.750000000000002220e-01 0.000000000000000000e+00
9.000000000000003553e-01 0.000000000000000000e+00
9.250000000000001554e-01 0.000000000000000000e+00
9.500000000000001776e-01 1.218426736396586996e-02
9.750000000000001998e-01 4.254412920330492148e-02
1.000000000000000222e+00 6.806675847622412068e-02
1.025000000000000355e+00 1.019624932147018825e-01
1.050000000000000266e+00 1.757507598488275424e-01
1.075000000000000178e+00 2.893584320885762007e-01
1.100000000000000311e+00 4.362163515593088237e-01
1.125000000000000222e+00 6.241016091204938387e-01
1.150000000000000133e+00 8.531623665620990948e-01
1.175000000000000266e+00 1.101486668131748115e+00
1.200000000000000400e+00 1.322347032189477023e+00
1.225000000000000311e+00 1.528607902886720105e+00
1.250000000000000222e+00 1.718071669770265375e+00
1.275000000000000355e+00 1.862383554105501382e+00
1.300000000000000488e+00 1.953912272266882466e+00
1.325000000000000400e+00 1.998314589566991595e+00
1.350000000000000311e+00 1.992332428960478463e+00
1.375000000000000444e+00 1.966352837364001793e+00
1.400000000000000133e+00 1.919108197868806265e+00
1.425000000000000266e+00 1.853309058561913192e+00
1.450000000000000178e+00 1.773872996415567282e+00
1.475000000000000311e+00 1.684854641345683968e+00
1.500000000000000222e+00 1.594539052970019855e+00
1.525000000000000355e+00 1.496031929729563670e+00
1.550000000000000266e+00 1.397866909156109116e+00
1.575000000000000400e+00 1.315293059487866678e+00
1.600000000000000311e+00 1.237949780975029945e+00
1.625000000000000444e+00 1.150012210162763227e+00
1.650000000000000355e+00 1.071062365420583751e+00
1.675000000000000488e+00 1.002818389226230567e+00
1.700000000000000400e+00 9.429590967047722927e-01
1.725000000000000533e+00 8.855057389188653039e-01
1.750000000000000444e+00 8.385074526641808079e-01
1.775000000000000577e+00 7.987355261949474761e-01
1.800000000000000266e+00 7.642356936988163874e-01
1.825000000000000400e+00 7.314919121222956955e-01
1.850000000000000311e+00 7.111815580321616537e-01
1.875000000000000222e+00 6.966918441472197410e-01
1.900000000000000355e+00 6.853896885859379617e-01
1.925000000000000488e+00 6.766179640771022852e-01
1.950000000000000400e+00 6.692415597559573381e-01
1.975000000000000311e+00 6.691706178427117013e-01
2.000000000000000000e+00 6.734409103984287936e-01
2.025000000000000355e+00 6.798996298461734700e-01
2.050000000000000266e+00 6.938183661770519484e-01
2.075000000000000178e+00 7.092283346405714450e-01
2.100000000000000533e+00 7.290390923827230196e-01
2.125000000000000444e+00 7.520859146082191637e-01
2.150000000000000355e+00 7.743696356370087797e-01
2.175000000000000266e+00 8.010414849942406601e-01
2.200000000000000178e+00 8.280154010742254433e-01
2.225000000000000089e+00 8.578662458925867540e-01
2.250000000000000000e+00 8.912683073576248560e-01
2.275000000000000355e+00 9.256558988620777750e-01
2.300000000000000266e+00 9.607440454231863658e-01
2.325000000000000178e+00 9.938735411330661407e-01
2.350000000000000089e+00 1.027360607251782243e+00
2.375000000000000444e+00 1.058215011805458960e+00
2.400000000000000355e+00 1.085674246085304828e+00
2.425000000000000266e+00 1.113797280103266285e+00
2.450000000000000178e+00 1.139672316739659630e+00
2.475000000000000533e+00 1.162741780594172880e+00
2.500000000000000888e+00 1.180876216464806339e+00
2.525000000000000355e+00 1.194364641219702650e+00
2.550000000000000711e+00 1.207151554346116207e+00
2.575000000000000178e+00 1.214097976734049400e+00
2.600000000000000533e+00 1.216763263541337681e+00
2.625000000000000000e+00 1.216696347835770631e+00
2.650000000000000799e+00 1.212283404770465145e+00
2.675000000000000266e+00 1.203584024273926634e+00
2.700000000000001066e+00 1.188079114791261492e+00
2.725000000000000533e+00 1.170696094234597417e+00
2.750000000000000888e+00 1.150974206294387958e+00
2.775000000000000355e+00 1.130281816929105787e+00
2.799999999999999822e+00 1.108800673763582267e+00
2.825000000000000178e+00 1.088208462234358631e+00
2.849999999999999645e+00 1.064376629597446389e+00
2.875000000000000444e+00 1.040048148503621039e+00
2.899999999999999911e+00 1.015086142654436419e+00
2.925000000000000711e+00 9.913977184286165700e-01
2.950000000000000178e+00 9.679716455296349942e-01
2.975000000000000533e+00 9.490610047337101340e-01
3.000000000000000000e+00 9.337336746251261310e-01
3.025000000000000355e+00 9.205730342892196605e-01
3.049999999999999822e+00 9.088740631052343311e-01
3.075000000000000622e+00 8.994686299771641469e-01
3.100000000000000089e+00 8.926444541750396811e-01
3.125000000000000888e+00 8.858112240018274353e-01
3.150000000000000355e+00 8.796620038441415046e-01
3.175000000000000711e+00 8.768224442513163908e-01
3.200000000000000178e+00 8.766476843933305174e-01
3.225000000000000533e+00 8.776221570205069433e-01
3.250000000000000000e+00 8.812975619649497938e-01
3.275000000000000799e+00 8.862676877646017415e-01
3.300000000000000266e+00 8.937558687572703109e-01
3.325000000000001066e+00 9.022420216013993244e-01
3.350000000000000533e+00 9.109812888266189956e-01
3.375000000000000888e+00 9.237778694125347023e-01
3.400000000000000355e+00 9.372333782028959837e-01
3.425000000000000711e+00 9.510201943436475958e-01
3.450000000000000178e+00 9.641905999385961268e-01
3.475000000000000977e+00 9.782556919411700136e-01
3.500000000000000444e+00 9.917426035456986533e-01
3.525000000000001243e+00 1.003769605082840632e+00
3.550000000000000711e+00 1.013733042622221969e+00
3.575000000000001066e+00 1.026316074091648600e+00
3.600000000000000533e+00 1.038138474613559570e+00
3.625000000000000000e+00 1.048435680227272071e+00
3.650000000000000355e+00 1.056887976891472958e+00
3.674999999999999822e+00 1.064594515760376670e+00
3.700000000000000622e+00 1.069808055072789976e+00
3.725000000000000089e+00 1.073606903985914407e+00
3.750000000000000888e+00 1.076303429624392516e+00
3.775000000000000355e+00 1.078598215993014309e+00
3.800000000000000711e+00 1.079591761796483640e+00
3.825000000000000178e+00 1.078019696632115609e+00
3.850000000000000533e+00 1.075375409823015938e+00
3.875000000000000000e+00 1.070560883828175491e+00
3.900000000000000799e+00 1.065811954216203006e+00
3.925000000000000266e+00 1.059511077205512075e+00
3.950000000000001066e+00 1.053475360979715614e+00
3.975000000000000533e+00 1.046190801467687281e+00
4.000000000000000888e+00 1.038985778015619310e+00
4.025000000000000355e+00 1.032438223675029576e+00
4.050000000000000711e+00 1.025037217269379353e+00
4.075000000000000178e+00 1.016245273002188476e+00
4.100000000000000533e+00 1.008474922990965084e+00
4.125000000000000888e+00 9.997192340998720672e-01
4.150000000000001243e+00 9.926510635181182707e-01
4.175000000000000711e+00 9.848832879864333201e-01
4.200000000000001066e+00 9.779014014031151003e-01
4.225000000000000533e+00 9.731019760726606904e-01
4.250000000000000888e+00 9.681041151704944392e-01
4.275000000000000355e+00 9.622516783832731901e-01
4.300000000000001599e+00 9.577547850238135041e-01
4.325000000000000178e+00 9.544654320486234411e-01
4.350000000000001421e+00 9.537001945321028629e-01
4.375000000000000888e+00 9.534788623080898695e-01
4.400000000000000355e+00 9.534490755877134127e-01
4.425000000000000711e+00 9.547371112871020360e-01
4.450000000000000178e+00 9.571075493192584549e-01
4.475000000000000533e+00 9.582919490430026332e-01
4.500000000000000000e+00 9.609169453186019449e-01
4.525000000000001243e+00 9.633884380780616263e-01
4.549999999999999822e+00 9.671463894306808751e-01
4.575000000000001066e+00 9.706641986647384091e-01
4.600000000000000533e+00 9.741751193049074109e-01
4.625000000000000888e+00 9.792683723116226702e-01
4.650000000000000355e+00 9.846866450618045885e-01
4.675000000000000711e+00 9.909808782234874602e-01
4.700000000000000178e+00 9.975119566975598762e-01
4.725000000000000533e+00 1.003159199709017013e+00
4.750000000000000888e+00 1.007683597114366725e+00
4.775000000000001243e+00 1.011243161590566597e+00
4.800000000000000711e+00 1.014443664843142967e+00
4.825000000000001066e+00 1.017928160423583472e+00
4.850000000000000533e+00 1.019736661529338395e+00
4.875000000000000888e+00 1.023077184420764674e+00
4.900000000000000355e+00 1.025993402671335097e+00
4.925000000000001599e+00 1.028467247331343426e+00
4.950000000000000178e+00 1.030331606374987885e+00
4.975000000000001421e+00 1.031492238467672795e+00
5.000000000000000888e+00 1.032576854540399047e+00
