1.734723475976807094e-18 0.000000000000000000e+00
2.500000000000000486e-02 0.000000000000000000e+00
5.000000000000001665e-02 0.000000000000000000e+00
7.500000000000001110e-02 0.000000000000000000e+00
1.000000000000000333e-01 0.000000000000000000e+00
1.250000000000000000e-01 0.000000000000000000e+00
1.499999999999999944e-01 0.000000000000000000e+00
1.750000000000000167e-01 0.000000000000000000e+00
2.000000000000000389e-01 0.000000000000000000e+00
2.250000000000000611e-01 0.000000000000000000e+00
2.500000000000000000e-01 0.000000000000000000e+00
2.750000000000000222e-01 0.000000000000000000e+00
3.000000000000000444e-01 0.000000000000000000e+00
3.250000000000000111e-01 0.000000000000000000e+00
3.500000000000000333e-01 0.000000000000000000e+00
3.750000000000000555e-01 0.000000000000000000e+00
4.000000000000000777e-01 0.000000000000000000e+00
4.250000000000000999e-01 0.000000000000000000e+00
4.500000000000001221e-01 0.000000000000000000e+00
4.750000000000000888e-01 0.000000000000000000e+00
5.000000000000001110e-01 0.000000000000000000e+00
5.250000000000001332e-01 0.000000000000000000e+00
5.500000000000001554e-01 0.000000000000000000e+00
5.750000000000001776e-01 0.000000000000000000e+00
6.000000000000001998e-01 0.000000000000000000e+00
6.250000000000002220e-01 0.000000000000000000e+00
6.500000000000002442e-01 0.000000000000000000e+00
6.750000000000000444e-01 0.000000000000000000e+00
7.000000000000001776e-01 0.000000000000000000e+00
7.250000000000000888e-01 0.000000000000000000e+00
7.500000000000002220e-01 0.000000000000000000e+00
7.750000000000001332e-01 1.573368376985503372e-05
8.000000000000002665e-01 1.776139003771485115e-04
8.250000000000001776e-01 6.259319382986900824e-04
8.500000000000003109e-01 1.011897022240372838e-03
8.750000000000002220e-01 1.747942862190878313e-03
9.000000000000003553e-01 2.882992313352299857e-03
9.250000000000001554e-01 4.537417778847065153e-03
9.500000000000001776e-01 7.480264027332074461e-03
9.750000000000001998e-01 1.983156932037200004e-02
1.000000000000000222e+00 5.342545377013969976e-02
1.025000000000000355e+00 1.282311835244962506e-01
1.050000000000000266e+00 2.608428249041254698e-01
1.075000000000000178e+00 4.450054462042094539e-01
1.100000000000000311e+00 6.689799443872336271e-01
1.125000000000000222e+00 9.164280021824020572e-01
1.150000000000000133e+00 1.164237718429817159e+00
1.175000000000000266e+00 1.393562440127079860e+00
1.200000000000000400e+00 1.594753613364788380e+00
1.225000000000000311e+00 1.763759078095122224e+00
1.250000000000000222e+00 1.897031403182117160e+00
1.275000000000000355e+00 1.974715434440333039e+00
1.300000000000000488e+00 1.998644002452897306e+00
1.325000000000000400e+00 1.978933591740885900e+00
1.350000000000000311e+00 1.927542077071007220e+00
1.375000000000000444e+00 1.855715365347733181e+00
1.400000000000000133e+00 1.773500002024275268e+00
1.425000000000000266e+00 1.682900227281408201e+00
1.450000000000000178e+00 1.591033848651408178e+00
1.475000000000000311e+00 1.493772699833640472e+00
1.500000000000000222e+00 1.395593646959448764e+00
1.525000000000000355e+00 1.302935011229712670e+00
1.550000000000000266e+00 1.218445302615106529e+00
1.575000000000000400e+00 1.144683398177087419e+00
1.600000000000000311e+00 1.076568586094378555e+00
1.625000000000000444e+00 1.011526832375722051e+00
1.650000000000000355e+00 9.546620381076234008e-01
1.675000000000000488e+00 9.032802467889070597e-01
1.700000000000000400e+00 8.591553614701520347e-01
1.725000000000000533e+00 8.176023292021282751e-01
1.750000000000000444e+00 7.830345270239105204e-01
1.775000000000000577e+00 7.543722901170578643e-01
1.800000000000000266e+00 7.297945833906788193e-01
1.825000000000000400e+00 7.080990858366564833e-01
1.850000000000000311e+00 6.921312435394162410e-01
1.875000000000000222e+00 6.848635572830467089e-01
1.900000000000000355e+00 6.849067036995600821e-01
1.925000000000000488e+00 6.859286125822484648e-01
1.950000000000000400e+00 6.936920420335903614e-01
1.975000000000000311e+00 7.027640566655113386e-01
2.000000000000000000e+00 7.152150673164356931e-01
2.025000000000000355e+00 7.293928429023588400e-01
2.050000000000000266e+00 7.508850599567722384e-01
2.075000000000000178e+00 7.768965354955645886e-01
2.100000000000000533e+00 8.082272958243937877e-01
2.125000000000000444e+00 8.417339801085645945e-01
2.150000000000000355e+00 8.743071354379747806e-01
2.175000000000000266e+00 9.072497209874016422e-01
2.200000000000000178e+00 9.412579908325783284e-01
2.225000000000000089e+00 9.758026141358622230e-01
2.250000000000000000e+00 1.011445630795484885e+00
2.275000000000000355e+00 1.042895783076616567e+00
2.300000000000000266e+00 1.073724674369342713e+00
2.325000000000000178e+00 1.101685262271277388e+00
2.350000000000000089e+00 1.121966514318929686e+00
2.375000000000000444e+00 1.140498387781279099e+00
2.400000000000000355e+00 1.157387266971115602e+00
2.425000000000000266e+00 1.171142260746425467e+00
2.450000000000000178e+00 1.180636700390406579e+00
2.475000000000000533e+00 1.185670065395884265e+00
2.500000000000000888e+00 1.186143887747849623e+00
2.525000000000000355e+00 1.183767986914100678e+00
2.550000000000000711e+00 1.176534578247927509e+00
2.575000000000000178e+00 1.166921460969392976e+00
2.600000000000000533e+00 1.154750481881007707e+00
2.625000000000000000e+00 1.137957260143926508e+00
2.650000000000000799e+00 1.121068652227354301e+00
2.675000000000000266e+00 1.102037707612055994e+00
2.700000000000001066e+00 1.085262333224001008e+00
2.725000000000000533e+00 1.067677591735576526e+00
2.750000000000000888e+00 1.050574807964212320e+00
2.775000000000000355e+00 1.032624741473966878e+00
2.799999999999999822e+00 1.014225471970916503e+00
2.825000000000000178e+00 9.954746351346980271e-01
2.849999999999999645e+00 9.781650686566571995e-01
2.875000000000000444e+00 9.615937514074804904e-01
2.899999999999999911e+00 9.503730030796998518e-01
2.925000000000000711e+00 9.376247456683625137e-01
2.950000000000000178e+00 9.260983024915094841e-01
2.975000000000000533e+00 9.178211779940554926e-01
3.000000000000000000e+00 9.112295632096372167e-01
3.025000000000000355e+00 9.068667001812329431e-01
3.049999999999999822e+00 9.039570790128059752e-01
3.075000000000000622e+00 9.023521986008746776e-01
3.100000000000000089e+00 9.033973766324675525e-01
3.125000000000000888e+00 9.049972547145438417e-01
3.150000000000000355e+00 9.079017971411702526e-01
3.175000000000000711e+00 9.129617509053683522e-01
3.200000000000000178e+00 9.200228181105531977e-01
3.225000000000000533e+00 9.284064908428057983e-01
3.250000000000000000e+00 9.378312315059162962e-01
3.275000000000000799e+00 9.457577472325710000e-01
3.300000000000000266e+00 9.550309960165590528e-01
3.325000000000001066e+00 9.659056497437705779e-01
3.350000000000000533e+00 9.778533081081398626e-01
3.375000000000000888e+00 9.896278241345568549e-01
3.400000000000000355e+00 1.000087327095140699e+00
3.425000000000000711e+00 1.010227507172345662e+00
3.450000000000000178e+00 1.021332036590788750e+00
3.475000000000000977e+00 1.028855344298589269e+00
3.500000000000000444e+00 1.035883088860585000e+00
3.525000000000001243e+00 1.042701191038516439e+00
3.550000000000000711e+00 1.048877840052500066e+00
3.575000000000001066e+00 1.054440587031790555e+00
3.600000000000000533e+00 1.057310743960685029e+00
3.625000000000000000e+00 1.059247741499654838e+00
3.650000000000000355e+00 1.061623739354508933e+00
3.674999999999999822e+00 1.061259217041445879e+00
3.700000000000000622e+00 1.060125921536677840e+00
3.725000000000000089e+00 1.059491684636207687e+00
3.750000000000000888e+00 1.055588705175606767e+00
3.775000000000000355e+00 1.051385265825627080e+00
3.800000000000000711e+00 1.046344962772993270e+00
3.825000000000000178e+00 1.038734990536780201e+00
3.850000000000000533e+00 1.032446543266936967e+00
3.875000000000000000e+00 1.026936074351773920e+00
3.900000000000000799e+00 1.020331678672947939e+00
3.925000000000000266e+00 1.015060215469539173e+00
3.950000000000001066e+00 1.007892616270168462e+00
3.975000000000000533e+00 1.001870102440853838e+00
4.000000000000000888e+00 9.963758853024085038e-01
4.025000000000000355e+00 9.908798861416142634e-01
4.050000000000000711e+00 9.865503899345902106e-01
4.075000000000000178e+00 9.825798277710156015e-01
4.100000000000000533e+00 9.767002151572260482e-01
4.125000000000000888e+00 9.718499306831416273e-01
4.150000000000001243e+00 9.677748308937670352e-01
4.175000000000000711e+00 9.653916582946935332e-01
4.200000000000001066e+00 9.636477186294440944e-01
4.225000000000000533e+00 9.624929422194697937e-01
4.250000000000000888e+00 9.626138047861748648e-01
4.275000000000000355e+00 9.637361226468710296e-01
4.300000000000001599e+00 9.652180849347398173e-01
4.325000000000000178e+00 9.671990857400089014e-01
4.350000000000001421e+00 9.704623096222919632e-01
4.375000000000000888e+00 9.748727300618995617e-01
4.400000000000000355e+00 9.789333009889632509e-01
4.425000000000000711e+00 9.819535311535357858e-01
4.450000000000000178e+00 9.864884658880027635e-01
4.475000000000000533e+00 9.893776050477489648e-01
4.500000000000000000e+00 9.920277960570262898e-01
4.525000000000001243e+00 9.944501041501886407e-01
4.549999999999999822e+00 9.976098493914068444e-01
4.575000000000001066e+00 1.001154647178752466e+00
4.600000000000000533e+00 1.005203070802591414e+00
4.625000000000000888e+00 1.008944042652030415e+00
4.650000000000000355e+00 1.013237575933096490e+00
4.675000000000000711e+00 1.015452404707430034e+00
4.700000000000000178e+00 1.018148308218978171e+00
4.725000000000000533e+00 1.020047139002665082e+00
4.750000000000000888e+00 1.021823286315895807e+00
4.775000000000001243e+00 1.022906209348024564e+00
4.800000000000000711e+00 1.023600676804099940e+00
4.825000000000001066e+00 1.023506358176549558e+00
4.850000000000000533e+00 1.022644718069892322e+00
4.875000000000000888e+00 1.020807294622597894e+00
4.900000000000000355e+00 1.020150698399918010e+00
4.925000000000001599e+00 1.018304741313784900e+00
4.950000000000000178e+00 1.018303280682928191e+00
4.975000000000001421e+00 1.017684536131661988e+00
5.000000000000000888e+00 1.017139103595646743e+00
