1.734723475976807094e-18 0.000000000000000000e+00
2.500000000000000486e-02 0.000000000000000000e+00
5.000000000000001665e-02 0.000000000000000000e+00
7.500000000000001110e-02 0.000000000000000000e+00
1.000000000000000333e-01 0.000000000000000000e+00
1.250000000000000000e-01 0.000000000000000000e+00
1.499999999999999944e-01 0.000000000000000000e+00
1.750000000000000167e-01 0.000000000000000000e+00
2.000000000000000389e-01 0.000000000000000000e+00
2.250000000000000611e-01 0.000000000000000000e+00
2.500000000000000000e-01 0.000000000000000000e+00
2.750000000000000222e-01 0.000000000000000000e+00
3.000000000000000444e-01 0.000000000000000000e+00
3.250000000000000111e-01 0.000000000000000000e+00
3.500000000000000333e-01 0.000000000000000000e+00
3.750000000000000555e-01 0.000000000000000000e+00
4.000000000000000777e-01 0.000000000000000000e+00
4.250000000000000999e-01 0.000000000000000000e+00
4.500000000000001221e-01 7.545357414086534091e-05
4.750000000000000888e-01 2.223876999812934927e-04
5.000000000000001110e-01 2.767037709788356748e-04
5.250000000000001332e-01 1.181172555219351208e-04
5.500000000000001554e-01 2.444091308152248200e-04
5.750000000000001776e-01 5.848350792687268028e-04
6.000000000000001998e-01 1.040061763913394891e-03
6.250000000000002220e-01 1.367601825396445609e-03
6.500000000000002442e-01 2.886646880939766971e-03
6.750000000000000444e-01 4.473273646398469305e-03
7.000000000000001776e-01 6.162298969666057599e-03
7.250000000000000888e-01 7.769437161035869233e-03
7.500000000000002220e-01 1.083990405604348846e-02
7.750000000000001332e-01 1.446378974945043347e-02
8.000000000000002665e-01 1.859918491232260759e-02
8.250000000000001776e-01 2.452216858134960778e-02
8.500000000000003109e-01 3.391674412776241043e-02
8.750000000000002220e-01 5.172836135317764039e-02
9.000000000000003553e-01 7.572851986169031047e-02
9.250000000000001554e-01 1.234299165684021593e-01
9.500000000000001776e-01 2.159022243539938102e-01
9.750000000000001998e-01 3.124904992674945592e-01
1.000000000000000222e+00 3.668916150199803550e-01
1.025000000000000355e+00 3.895463693679344086e-01
1.050000000000000266e+00 4.103649015662916288e-01
1.075000000000000178e+00 4.483874574105742306e-01
1.100000000000000311e+00 5.158236133670139889e-01
1.125000000000000222e+00 6.436389821000957356e-01
1.150000000000000133e+00 8.474624482297483663e-01
1.175000000000000266e+00 1.068886144397377835e+00
1.200000000000000400e+00 1.261447381594997141e+00
1.225000000000000311e+00 1.437104736290541807e+00
1.250000000000000222e+00 1.589867018193594772e+00
1.275000000000000355e+00 1.696697937701828529e+00
1.300000000000000488e+00 1.763803950218781225e+00
1.325000000000000400e+00 1.784276751823512752e+00
1.350000000000000311e+00 1.783242512971218829e+00
1.375000000000000444e+00 1.762713793166922116e+00
1.400000000000000133e+00 1.732258007779092113e+00
1.425000000000000266e+00 1.698035935430838084e+00
1.450000000000000178e+00 1.646331619497968690e+00
1.475000000000000311e+00 1.578974718702658819e+00
1.500000000000000222e+00 1.507404031253456456e+00
1.525000000000000355e+00 1.426554152052508684e+00
1.550000000000000266e+00 1.352360267226196289e+00
1.575000000000000400e+00 1.279769378033823513e+00
1.600000000000000311e+00 1.215355452800626734e+00
1.625000000000000444e+00 1.150282868352907606e+00
1.650000000000000355e+00 1.086182351154658887e+00
1.675000000000000488e+00 1.031726524394536160e+00
1.700000000000000400e+00 9.787447896351614274e-01
1.725000000000000533e+00 9.309389217898110802e-01
1.750000000000000444e+00 8.879673222357143958e-01
1.775000000000000577e+00 8.487103819151686768e-01
1.800000000000000266e+00 8.187209684390777120e-01
1.825000000000000400e+00 7.904429632696420294e-01
1.850000000000000311e+00 7.726401692824229617e-01
1.875000000000000222e+00 7.632874614147386882e-01
1.900000000000000355e+00 7.520956532103677539e-01
1.925000000000000488e+00 7.420351862903213913e-01
1.950000000000000400e+00 7.350429410559007337e-01
1.975000000000000311e+00 7.301464214075236159e-01
2.000000000000000000e+00 7.318140820338615571e-01
2.025000000000000355e+00 7.376743185841462269e-01
2.050000000000000266e+00 7.509008699527071062e-01
2.075000000000000178e+00 7.670759483496730757e-01
2.100000000000000533e+00 7.840872738842239453e-01
2.125000000000000444e+00 8.018844251369215970e-01
2.150000000000000355e+00 8.220654769495120417e-01
2.175000000000000266e+00 8.420479075585645123e-01
2.200000000000000178e+00 8.643856378483293357e-01
2.225000000000000089e+00 8.877303508457436987e-01
2.250000000000000000e+00 9.138286654710454648e-01
2.275000000000000355e+00 9.418409779273384519e-01
2.300000000000000266e+00 9.688856235192674360e-01
2.325000000000000178e+00 9.957603187248306176e-01
2.350000000000000089e+00 1.022265449100519641e+00
2.375000000000000444e+00 1.046198637578863888e+00
2.400000000000000355e+00 1.067755981364882700e+00
2.425000000000000266e+00 1.085845077913921486e+00
2.450000000000000178e+00 1.103266959390550639e+00
2.475000000000000533e+00 1.118061260626444842e+00
2.500000000000000888e+00 1.129642134401046549e+00
2.525000000000000355e+00 1.139317021243154704e+00
2.550000000000000711e+00 1.147921276522032352e+00
2.575000000000000178e+00 1.153284909744813236e+00
2.600000000000000533e+00 1.155473703086020265e+00
2.625000000000000000e+00 1.155668657202131078e+00
2.650000000000000799e+00 1.152664901168357625e+00
2.675000000000000266e+00 1.145511865259508877e+00
2.700000000000001066e+00 1.136087330005524532e+00
2.725000000000000533e+00 1.123510679271708446e+00
2.750000000000000888e+00 1.111491875323957101e+00
2.775000000000000355e+00 1.096709004019910783e+00
2.799999999999999822e+00 1.080309725286566547e+00
2.825000000000000178e+00 1.064048169809964195e+00
2.849999999999999645e+00 1.046888643075242209e+00
2.875000000000000444e+00 1.029696715579401234e+00
2.899999999999999911e+00 1.012133585007253034e+00
2.925000000000000711e+00 9.962796987206385957e-01
2.950000000000000178e+00 9.811250013549682736e-01
2.975000000000000533e+00 9.678010129928589222e-01
3.000000000000000000e+00 9.562506785470280546e-01
3.025000000000000355e+00 9.480569447823282703e-01
3.049999999999999822e+00 9.415577618264863169e-01
3.075000000000000622e+00 9.355686850325506398e-01
3.100000000000000089e+00 9.288830277336612706e-01
3.125000000000000888e+00 9.255026774827213032e-01
3.150000000000000355e+00 9.195810395585528596e-01
3.175000000000000711e+00 9.157386063706820511e-01
3.200000000000000178e+00 9.150680693686710221e-01
3.225000000000000533e+00 9.166500871690358432e-01
3.250000000000000000e+00 9.203331525582507666e-01
3.275000000000000799e+00 9.234837080734707992e-01
3.300000000000000266e+00 9.283137601651331172e-01
3.325000000000001066e+00 9.365512316406987559e-01
3.350000000000000533e+00 9.424576089393839062e-01
3.375000000000000888e+00 9.500853222464108461e-01
3.400000000000000355e+00 9.584810983142004748e-01
3.425000000000000711e+00 9.683616140665760597e-01
3.450000000000000178e+00 9.769541125037919382e-01
3.475000000000000977e+00 9.838409129851364288e-01
3.500000000000000444e+00 9.912913415112084570e-01
3.525000000000001243e+00 9.992679650200274599e-01
3.550000000000000711e+00 1.005455319478017140e+00
3.575000000000001066e+00 1.013167840593649505e+00
3.600000000000000533e+00 1.020118640332156934e+00
3.625000000000000000e+00 1.029612567097489606e+00
3.650000000000000355e+00 1.035025475044725418e+00
3.674999999999999822e+00 1.040463852984219839e+00
3.700000000000000622e+00 1.043803624047656031e+00
3.725000000000000089e+00 1.046840437770303334e+00
3.750000000000000888e+00 1.049614480776723591e+00
3.775000000000000355e+00 1.051620259707870764e+00
3.800000000000000711e+00 1.051942793554796474e+00
3.825000000000000178e+00 1.051526673594708639e+00
3.850000000000000533e+00 1.049065618139274569e+00
3.875000000000000000e+00 1.045902331470917712e+00
3.900000000000000799e+00 1.039734060217738953e+00
3.925000000000000266e+00 1.034966483046023011e+00
3.950000000000001066e+00 1.031157067313567266e+00
3.975000000000000533e+00 1.027310373333678362e+00
4.000000000000000888e+00 1.023043385412263140e+00
4.025000000000000355e+00 1.018971100626583803e+00
4.050000000000000711e+00 1.015555727564693589e+00
4.075000000000000178e+00 1.011877510058694751e+00
4.100000000000000533e+00 1.006718894649854201e+00
4.125000000000000888e+00 1.002254399678712105e+00
4.150000000000001243e+00 9.982417649006175564e-01
4.175000000000000711e+00 9.940877510835005593e-01
4.200000000000001066e+00 9.890688774864119237e-01
4.225000000000000533e+00 9.846019337794741366e-01
4.250000000000000888e+00 9.811297411732403662e-01
4.275000000000000355e+00 9.771114743842685968e-01
4.300000000000001599e+00 9.744510135714857801e-01
4.325000000000000178e+00 9.733243236820436906e-01
4.350000000000001421e+00 9.732704392734929932e-01
4.375000000000000888e+00 9.735729073670145173e-01
4.400000000000000355e+00 9.745095151924586530e-01
4.425000000000000711e+00 9.762605506219255158e-01
4.450000000000000178e+00 9.770508373161169713e-01
4.475000000000000533e+00 9.757610515688452946e-01
4.500000000000000000e+00 9.776768976692719049e-01
4.525000000000001243e+00 9.798622938982815000e-01
4.549999999999999822e+00 9.823459767335964710e-01
4.575000000000001066e+00 9.847232730220537578e-01
4.600000000000000533e+00 9.876403701473205343e-01
4.625000000000000888e+00 9.911726674656684555e-01
4.650000000000000355e+00 9.921455129731988620e-01
4.675000000000000711e+00 9.930112882117652084e-01
4.700000000000000178e+00 9.958212557710848234e-01
4.725000000000000533e+00 9.988013752368619658e-01
4.750000000000000888e+00 1.001868915450113473e+00
4.775000000000001243e+00 1.003518007824789837e+00
4.800000000000000711e+00 1.006666911781484597e+00
4.825000000000001066e+00 1.009653191395420757e+00
4.850000000000000533e+00 1.011299917584782326e+00
4.875000000000000888e+00 1.013062042659566453e+00
4.900000000000000355e+00 1.014162787778215780e+00
4.925000000000001599e+00 1.015544956658301023e+00
4.950000000000000178e+00 1.016707292759195802e+00
4.975000000000001421e+00 1.017750641126530242e+00
5.000000000000000888e+00 1.019966710702660873e+00
