1.734723475976807094e-18 0.000000000000000000e+00
2.500000000000000486e-02 0.000000000000000000e+00
5.000000000000001665e-02 0.000000000000000000e+00
7.500000000000001110e-02 0.000000000000000000e+00
1.000000000000000333e-01 0.000000000000000000e+00
1.250000000000000000e-01 0.000000000000000000e+00
1.499999999999999944e-01 0.000000000000000000e+00
1.750000000000000167e-01 0.000000000000000000e+00
2.000000000000000389e-01 0.000000000000000000e+00
2.250000000000000611e-01 0.000000000000000000e+00
2.500000000000000000e-01 0.000000000000000000e+00
2.750000000000000222e-01 0.000000000000000000e+00
3.000000000000000444e-01 0.000000000000000000e+00
3.250000000000000111e-01 0.000000000000000000e+00
3.500000000000000333e-01 0.000000000000000000e+00
3.750000000000000555e-01 0.000000000000000000e+00
4.000000000000000777e-01 0.000000000000000000e+00
4.250000000000000999e-01 0.000000000000000000e+00
4.500000000000001221e-01 0.000000000000000000e+00
4.750000000000000888e-01 0.000000000000000000e+00
5.000000000000001110e-01 0.000000000000000000e+00
5.250000000000001332e-01 0.000000000000000000e+00
5.500000000000001554e-01 0.000000000000000000e+00
5.750000000000001776e-01 0.000000000000000000e+00
6.000000000000001998e-01 0.000000000000000000e+00
6.250000000000002220e-01 0.000000000000000000e+00
6.500000000000002442e-01 0.000000000000000000e+00
6.750000000000000444e-01 0.000000000000000000e+00
7.000000000000001776e-01 0.000000000000000000e+00
7.250000000000000888e-01 0.000000000000000000e+00
7.500000000000002220e-01 0.000000000000000000e+00
7.750000000000001332e-01 0.000000000000000000e+00
8.000000000000002665e-01 0.000000000000000000e+00
8.250000000000001776e-01 0.000000000000000000e+00
8.500000000000003109e-01 0.000000000000000000e+00
8.750000000000002220e-01 0.000000000000000000e+00
9.000000000000003553e-01 0.000000000000000000e+00
9.250000000000001554e-01 0.000000000000000000e+00
9.500000000000001776e-01 0.000000000000000000e+00
9.750000000000001998e-01 9.666149955458334594e-04
1.000000000000000222e+00 0.000000000000000000e+00
1.025000000000000355e+00 0.000000000000000000e+00
1.050000000000000266e+00 0.000000000000000000e+00
1.075000000000000178e+00 2.154799975900067305e-02
1.100000000000000311e+00 7.718405142895977400e-02
1.125000000000000222e+00 1.787654245158837862e-01
1.150000000000000133e+00 3.543286186600344001e-01
1.175000000000000266e+00 6.090032853505931154e-01
1.200000000000000400e+00 9.227850867602789275e-01
1.225000000000000311e+00 1.290341817571106109e+00
1.250000000000000222e+00 1.673315089799175759e+00
1.275000000000000355e+00 2.003297785769702077e+00
1.300000000000000488e+00 2.263847452669817795e+00
1.325000000000000400e+00 2.415608203535720477e+00
1.350000000000000311e+00 2.465277814708671134e+00
1.375000000000000444e+00 2.458674358087370670e+00
1.400000000000000133e+00 2.404332468756205099e+00
1.425000000000000266e+00 2.305006162554668059e+00
1.450000000000000178e+00 2.170396044361290855e+00
1.475000000000000311e+00 2.016182374298676638e+00
1.500000000000000222e+00 1.866990369967149288e+00
1.525000000000000355e+00 1.701033198764884791e+00
1.550000000000000266e+00 1.540871845381376337e+00
1.575000000000000400e+00 1.416063322669361080e+00
1.600000000000000311e+00 1.296711638481105044e+00
1.625000000000000444e+00 1.161478442498760089e+00
1.650000000000000355e+00 1.036467940551256461e+00
1.675000000000000488e+00 9.401829486620398857e-01
1.700000000000000400e+00 8.593572881598743329e-01
1.725000000000000533e+00 7.883202954499565207e-01
1.750000000000000444e+00 7.324937675057150432e-01
1.775000000000000577e+00 6.841887569909933520e-01
1.800000000000000266e+00 6.400167789243274008e-01
1.825000000000000400e+00 5.992828527439191255e-01
1.850000000000000311e+00 5.720812582772708543e-01
1.875000000000000222e+00 5.569388587568477877e-01
1.900000000000000355e+00 5.475339600511165417e-01
1.925000000000000488e+00 5.403354666768662717e-01
1.950000000000000400e+00 5.376259370168851026e-01
1.975000000000000311e+00 5.424998281437315439e-01
2.000000000000000000e+00 5.533480764684656217e-01
2.025000000000000355e+00 5.659581261339520220e-01
2.050000000000000266e+00 5.863801377499044953e-01
2.075000000000000178e+00 6.099982099251218814e-01
2.100000000000000533e+00 6.383703920458819736e-01
2.125000000000000444e+00 6.670291629651202703e-01
2.150000000000000355e+00 7.006762294409629721e-01
2.175000000000000266e+00 7.375357559483735059e-01
2.200000000000000178e+00 7.730126702368163016e-01
2.225000000000000089e+00 8.082980992822085264e-01
2.250000000000000000e+00 8.482477162428795348e-01
2.275000000000000355e+00 8.941574956221212123e-01
2.300000000000000266e+00 9.393360847497858046e-01
2.325000000000000178e+00 9.844536461288277973e-01
2.350000000000000089e+00 1.032984744280452949e+00
2.375000000000000444e+00 1.079391018651115308e+00
2.400000000000000355e+00 1.122853574868007298e+00
2.425000000000000266e+00 1.164050388640107236e+00
2.450000000000000178e+00 1.208271439046136431e+00
2.475000000000000533e+00 1.247088579200728908e+00
2.500000000000000888e+00 1.280799830665145578e+00
2.525000000000000355e+00 1.312617027013398330e+00
2.550000000000000711e+00 1.337101439600685504e+00
2.575000000000000178e+00 1.351088421745749502e+00
2.600000000000000533e+00 1.356840654859887252e+00
2.625000000000000000e+00 1.355311984597650010e+00
2.650000000000000799e+00 1.349627830313681720e+00
2.675000000000000266e+00 1.332787448418933485e+00
2.700000000000001066e+00 1.308626013929677701e+00
2.725000000000000533e+00 1.281575850905968261e+00
2.750000000000000888e+00 1.246852140534491227e+00
2.775000000000000355e+00 1.207414796891333797e+00
2.799999999999999822e+00 1.167000869028458343e+00
2.825000000000000178e+00 1.127397090816963487e+00
2.849999999999999645e+00 1.089186914152197039e+00
2.875000000000000444e+00 1.047013893056501388e+00
2.899999999999999911e+00 1.002069992528652032e+00
2.925000000000000711e+00 9.616458655566765268e-01
2.950000000000000178e+00 9.218110116723862157e-01
2.975000000000000533e+00 8.880558626644433629e-01
3.000000000000000000e+00 8.614739552546117896e-01
3.025000000000000355e+00 8.388237630615916762e-01
3.049999999999999822e+00 8.204198074155317766e-01
3.075000000000000622e+00 8.053178136253004160e-01
3.100000000000000089e+00 7.944281013666066871e-01
3.125000000000000888e+00 7.875248105248479069e-01
3.150000000000000355e+00 7.821093357369153232e-01
3.175000000000000711e+00 7.810682239006307981e-01
3.200000000000000178e+00 7.836828114665917999e-01
3.225000000000000533e+00 7.884168712640501342e-01
3.250000000000000000e+00 7.956113137488863840e-01
3.275000000000000799e+00 8.068872706949101747e-01
3.300000000000000266e+00 8.215020680935903874e-01
3.325000000000001066e+00 8.381636595479898810e-01
3.350000000000000533e+00 8.576768458155233921e-01
3.375000000000000888e+00 8.784521846143730217e-01
3.400000000000000355e+00 9.004397283032578025e-01
3.425000000000000711e+00 9.245570667486164851e-01
3.450000000000000178e+00 9.493154621475382582e-01
3.475000000000000977e+00 9.734153690045579399e-01
3.500000000000000444e+00 9.982649258559882499e-01
3.525000000000001243e+00 1.021677284782589012e+00
3.550000000000000711e+00 1.044286814544934217e+00
3.575000000000001066e+00 1.064479584802795920e+00
3.600000000000000533e+00 1.083721636482520179e+00
3.625000000000000000e+00 1.102985242676569611e+00
3.650000000000000355e+00 1.120536593966472871e+00
3.674999999999999822e+00 1.134418662073084505e+00
3.700000000000000622e+00 1.146355402840539828e+00
3.725000000000000089e+00 1.152865904286398901e+00
3.750000000000000888e+00 1.158032791720073895e+00
3.775000000000000355e+00 1.158089239950820470e+00
3.800000000000000711e+00 1.154982182151743197e+00
3.825000000000000178e+00 1.151629704918059716e+00
3.850000000000000533e+00 1.144459578777707209e+00
3.875000000000000000e+00 1.135833393006732139e+00
3.900000000000000799e+00 1.125054596347576874e+00
3.925000000000000266e+00 1.110189499241582833e+00
3.950000000000001066e+00 1.096512277627000875e+00
3.975000000000000533e+00 1.079799143194528188e+00
4.000000000000000888e+00 1.063581947366744496e+00
4.025000000000000355e+00 1.047296894508461973e+00
4.050000000000000711e+00 1.029009029377467854e+00
4.075000000000000178e+00 1.011537727377537887e+00
4.100000000000000533e+00 9.949012528552296786e-01
4.125000000000000888e+00 9.786172301870426082e-01
4.150000000000001243e+00 9.638949357276171970e-01
4.175000000000000711e+00 9.510259028772894974e-01
4.200000000000001066e+00 9.403352109395948233e-01
4.225000000000000533e+00 9.297058094591856836e-01
4.250000000000000888e+00 9.203952833460922189e-01
4.275000000000000355e+00 9.124024361921908577e-01
4.300000000000001599e+00 9.060924992269108191e-01
4.325000000000000178e+00 9.018358264047541262e-01
4.350000000000001421e+00 8.982184418804979309e-01
4.375000000000000888e+00 8.976066869603812615e-01
4.400000000000000355e+00 8.970754103932382373e-01
4.425000000000000711e+00 8.990763923981626160e-01
4.450000000000000178e+00 9.033763773117352569e-01
4.475000000000000533e+00 9.094230763635444692e-01
4.500000000000000000e+00 9.161969572914404614e-01
4.525000000000001243e+00 9.246730897920857339e-01
4.549999999999999822e+00 9.335410761576012906e-01
4.575000000000001066e+00 9.440880519489596168e-01
4.600000000000000533e+00 9.537984501968868045e-01
4.625000000000000888e+00 9.647599053581019657e-01
4.650000000000000355e+00 9.765269463208164913e-01
4.675000000000000711e+00 9.876752387190785853e-01
4.700000000000000178e+00 9.992065950045548872e-01
4.725000000000000533e+00 1.010608822805598939e+00
4.750000000000000888e+00 1.021954496181492367e+00
4.775000000000001243e+00 1.033119994359481097e+00
4.800000000000000711e+00 1.043243648375493215e+00
4.825000000000001066e+00 1.053598462393400936e+00
4.850000000000000533e+00 1.062009554827898050e+00
4.875000000000000888e+00 1.068396186089886957e+00
4.900000000000000355e+00 1.074981437667238193e+00
4.925000000000001599e+00 1.078420905506142891e+00
4.950000000000000178e+00 1.081201786424758948e+00
4.975000000000001421e+00 1.082556831230984562e+00
5.000000000000000888e+00 1.083004847643751045e+00
