1.734723475976807094e-18 0.000000000000000000e+00
2.500000000000000486e-02 0.000000000000000000e+00
5.000000000000001665e-02 0.000000000000000000e+00
7.500000000000001110e-02 0.000000000000000000e+00
1.000000000000000333e-01 0.000000000000000000e+00
1.250000000000000000e-01 0.000000000000000000e+00
1.499999999999999944e-01 0.000000000000000000e+00
1.750000000000000167e-01 0.000000000000000000e+00
2.000000000000000389e-01 0.000000000000000000e+00
2.250000000000000611e-01 0.000000000000000000e+00
2.500000000000000000e-01 0.000000000000000000e+00
2.750000000000000222e-01 0.000000000000000000e+00
3.000000000000000444e-01 0.000000000000000000e+00
3.250000000000000111e-01 0.000000000000000000e+00
3.500000000000000333e-01 0.000000000000000000e+00
3.750000000000000555e-01 0.000000000000000000e+00
4.000000000000000777e-01 0.000000000000000000e+00
4.250000000000000999e-01 0.000000000000000000e+00
4.500000000000001221e-01 0.000000000000000000e+00
4.750000000000000888e-01 0.000000000000000000e+00
5.000000000000001110e-01 0.000000000000000000e+00
5.250000000000001332e-01 0.000000000000000000e+00
5.500000000000001554e-01 0.000000000000000000e+00
5.750000000000001776e-01 0.000000000000000000e+00
6.000000000000001998e-01 1.711817655487388488e-05
6.250000000000002220e-01 3.058456286039601814e-06
6.500000000000002442e-01 3.315462276455496005e-05
6.750000000000000444e-01 1.184885137975462649e-04
7.000000000000001776e-01 1.102721822806931071e-04
7.250000000000000888e-01 3.619615133061819014e-04
7.500000000000002220e-01 5.665222599964828609e-04
7.750000000000001332e-01 1.254203628298168442e-03
8.000000000000002665e-01 1.723008998618246086e-03
8.250000000000001776e-01 3.295236380602618864e-03
8.500000000000003109e-01 5.443898769711182778e-03
8.750000000000002220e-01 7.701800857140728152e-03
9.000000000000003553e-01 1.137843283997881649e-02
9.250000000000001554e-01 1.960197577200062033e-02
9.500000000000001776e-01 3.270537078734471470e-02
9.750000000000001998e-01 6.089640335078716493e-02
1.000000000000000222e+00 1.206946400687466808e-01
1.025000000000000355e+00 2.300773201860435990e-01
1.050000000000000266e+00 3.992672366852405008e-01
1.075000000000000178e+00 6.085913360538692807e-01
1.100000000000000311e+00 8.452314115451130538e-01
1.125000000000000222e+00 1.079029419650890276e+00
1.150000000000000133e+00 1.294311537179054561e+00
1.175000000000000266e+00 1.473406224379503193e+00
1.200000000000000400e+00 1.624400406469713953e+00
1.225000000000000311e+00 1.740973089644608951e+00
1.250000000000000222e+00 1.831049950210553501e+00
1.275000000000000355e+00 1.876628972265978801e+00
1.300000000000000488e+00 1.883699815654600318e+00
1.325000000000000400e+00 1.849176817241473758e+00
1.350000000000000311e+00 1.794967215408833638e+00
1.375000000000000444e+00 1.724244939192510762e+00
1.400000000000000133e+00 1.654968579385856176e+00
1.425000000000000266e+00 1.574629629639692219e+00
1.450000000000000178e+00 1.496506790206201920e+00
1.475000000000000311e+00 1.416598228138559401e+00
1.500000000000000222e+00 1.337205452471889267e+00
1.525000000000000355e+00 1.258491693761617292e+00
1.550000000000000266e+00 1.187182399304302249e+00
1.575000000000000400e+00 1.121713858741701930e+00
1.600000000000000311e+00 1.064919289290574778e+00
1.625000000000000444e+00 1.006187138380240542e+00
1.650000000000000355e+00 9.532038392898266599e-01
1.675000000000000488e+00 9.047655607878398731e-01
1.700000000000000400e+00 8.641138985992230515e-01
1.725000000000000533e+00 8.273212093213099250e-01
1.750000000000000444e+00 7.971552384390881985e-01
1.775000000000000577e+00 7.720170396278820402e-01
1.800000000000000266e+00 7.543125260250187480e-01
1.825000000000000400e+00 7.389440052950995153e-01
1.850000000000000311e+00 7.286568721770124712e-01
1.875000000000000222e+00 7.221774993904193085e-01
1.900000000000000355e+00 7.225236869703772769e-01
1.925000000000000488e+00 7.247487437834414514e-01
1.950000000000000400e+00 7.306439382227101209e-01
1.975000000000000311e+00 7.404002204430674139e-01
2.000000000000000000e+00 7.523554016593200222e-01
2.025000000000000355e+00 7.687784861085844579e-01
2.050000000000000266e+00 7.892601564307215600e-01
2.075000000000000178e+00 8.143435664710152455e-01
2.100000000000000533e+00 8.428818659474610619e-01
2.125000000000000444e+00 8.719592653316453612e-01
2.150000000000000355e+00 9.015765633368526544e-01
2.175000000000000266e+00 9.326140448667210592e-01
2.200000000000000178e+00 9.643431852980309804e-01
2.225000000000000089e+00 9.958584859420973601e-01
2.250000000000000000e+00 1.027184663517259233e+00
2.275000000000000355e+00 1.055433572775860140e+00
2.300000000000000266e+00 1.077309624914502884e+00
2.325000000000000178e+00 1.095583647117985393e+00
2.350000000000000089e+00 1.110038686159440458e+00
2.375000000000000444e+00 1.123491508662048277e+00
2.400000000000000355e+00 1.137062891346462434e+00
2.425000000000000266e+00 1.147034703217360230e+00
2.450000000000000178e+00 1.155478960670831556e+00
2.475000000000000533e+00 1.157913788996360216e+00
2.500000000000000888e+00 1.155891649887779815e+00
2.525000000000000355e+00 1.150386389453623481e+00
2.550000000000000711e+00 1.141926388128480685e+00
2.575000000000000178e+00 1.131701502821909955e+00
2.600000000000000533e+00 1.119679308963555719e+00
2.625000000000000000e+00 1.105815744149269308e+00
2.650000000000000799e+00 1.092170889115373411e+00
2.675000000000000266e+00 1.077775159000555538e+00
2.700000000000001066e+00 1.062581725047817782e+00
2.725000000000000533e+00 1.045424140410820879e+00
2.750000000000000888e+00 1.030286900767781733e+00
2.775000000000000355e+00 1.016260452389811997e+00
2.799999999999999822e+00 1.002787639309211887e+00
2.825000000000000178e+00 9.899196892908270762e-01
2.849999999999999645e+00 9.786408182378789622e-01
2.875000000000000444e+00 9.685972169926644337e-01
2.899999999999999911e+00 9.589622295428215093e-01
2.925000000000000711e+00 9.482603898064321246e-01
2.950000000000000178e+00 9.397869220996767359e-01
2.975000000000000533e+00 9.324679109978534219e-01
3.000000000000000000e+00 9.262106649246509837e-01
3.025000000000000355e+00 9.207238751653147313e-01
3.049999999999999822e+00 9.184472875147465798e-01
3.075000000000000622e+00 9.193878115802160966e-01
3.100000000000000089e+00 9.219928289767365115e-01
3.125000000000000888e+00 9.257931346847511067e-01
3.150000000000000355e+00 9.286333772772787931e-01
3.175000000000000711e+00 9.327611907695984028e-01
3.200000000000000178e+00 9.369506814103819581e-01
3.225000000000000533e+00 9.430909243613919690e-01
3.250000000000000000e+00 9.517398032610292491e-01
3.275000000000000799e+00 9.607210161716149832e-01
3.300000000000000266e+00 9.698572566527625671e-01
3.325000000000001066e+00 9.805800087509354279e-01
3.350000000000000533e+00 9.890906764436377951e-01
3.375000000000000888e+00 9.994087276890976090e-01
3.400000000000000355e+00 1.008408554880475538e+00
3.425000000000000711e+00 1.016391964051361674e+00
3.450000000000000178e+00 1.023774519777917336e+00
3.475000000000000977e+00 1.029572576921383043e+00
3.500000000000000444e+00 1.033447401047511649e+00
3.525000000000001243e+00 1.037056508223753504e+00
3.550000000000000711e+00 1.040064158566062158e+00
3.575000000000001066e+00 1.043049669866656037e+00
3.600000000000000533e+00 1.045691098328333180e+00
3.625000000000000000e+00 1.046059385413692588e+00
3.650000000000000355e+00 1.045897530511152640e+00
3.674999999999999822e+00 1.044644708643394537e+00
3.700000000000000622e+00 1.041849515581104280e+00
3.725000000000000089e+00 1.039373811084658206e+00
3.750000000000000888e+00 1.036863649497004269e+00
3.775000000000000355e+00 1.034375248063476915e+00
3.800000000000000711e+00 1.032060866539361133e+00
3.825000000000000178e+00 1.028510294098276878e+00
3.850000000000000533e+00 1.024185602745083523e+00
3.875000000000000000e+00 1.019255380465973637e+00
3.900000000000000799e+00 1.012654565865282130e+00
3.925000000000000266e+00 1.007513997741724010e+00
3.950000000000001066e+00 1.002995796242010851e+00
3.975000000000000533e+00 9.981365479063910584e-01
4.000000000000000888e+00 9.940869686914997061e-01
4.025000000000000355e+00 9.911211231270447009e-01
4.050000000000000711e+00 9.881264488793237710e-01
4.075000000000000178e+00 9.851649048176847057e-01
4.100000000000000533e+00 9.814841028686873692e-01
4.125000000000000888e+00 9.791071334396429515e-01
4.150000000000001243e+00 9.769529735125666026e-01
4.175000000000000711e+00 9.741540105720014608e-01
4.200000000000001066e+00 9.736525623832653631e-01
4.225000000000000533e+00 9.739238607443698736e-01
4.250000000000000888e+00 9.745453665091904361e-01
4.275000000000000355e+00 9.761281795254648230e-01
4.300000000000001599e+00 9.776656590719743356e-01
4.325000000000000178e+00 9.791507696609406119e-01
4.350000000000001421e+00 9.812757395045385023e-01
4.375000000000000888e+00 9.833371166744780956e-01
4.400000000000000355e+00 9.871478604236962884e-01
4.425000000000000711e+00 9.895734728207223885e-01
4.450000000000000178e+00 9.921499906272372993e-01
4.475000000000000533e+00 9.940976229114091289e-01
4.500000000000000000e+00 9.969647413040024775e-01
4.525000000000001243e+00 9.994087758715378689e-01
4.549999999999999822e+00 1.001468850840993907e+00
4.575000000000001066e+00 1.003254169368683169e+00
4.600000000000000533e+00 1.005264753890382057e+00
4.625000000000000888e+00 1.007919362868228585e+00
4.650000000000000355e+00 1.009442568015297637e+00
4.675000000000000711e+00 1.012194676941933880e+00
4.700000000000000178e+00 1.015641632188599264e+00
4.725000000000000533e+00 1.017452918164433839e+00
4.750000000000000888e+00 1.017698665267846136e+00
4.775000000000001243e+00 1.017505993572368261e+00
4.800000000000000711e+00 1.016575303698526112e+00
4.825000000000001066e+00 1.017438485879209820e+00
4.850000000000000533e+00 1.016740438438899830e+00
4.875000000000000888e+00 1.016000309897820086e+00
4.900000000000000355e+00 1.014531379324148164e+00
4.925000000000001599e+00 1.012577541057036790e+00
4.950000000000000178e+00 1.010697281460627872e+00
4.975000000000001421e+00 1.010022502390969468e+00
5.000000000000000888e+00 1.009131656439308244e+00
