1.734723475976807094e-18 0.000000000000000000e+00
2.500000000000000486e-02 0.000000000000000000e+00
5.000000000000001665e-02 0.000000000000000000e+00
7.500000000000001110e-02 0.000000000000000000e+00
1.000000000000000333e-01 0.000000000000000000e+00
1.250000000000000000e-01 0.000000000000000000e+00
1.499999999999999944e-01 0.000000000000000000e+00
1.750000000000000167e-01 0.000000000000000000e+00
2.000000000000000389e-01 0.000000000000000000e+00
2.250000000000000611e-01 0.000000000000000000e+00
2.500000000000000000e-01 0.000000000000000000e+00
2.750000000000000222e-01 0.000000000000000000e+00
3.000000000000000444e-01 0.000000000000000000e+00
3.250000000000000111e-01 0.000000000000000000e+00
3.500000000000000333e-01 0.000000000000000000e+00
3.750000000000000555e-01 0.000000000000000000e+00
4.000000000000000777e-01 0.000000000000000000e+00
4.250000000000000999e-01 0.000000000000000000e+00
4.500000000000001221e-01 0.000000000000000000e+00
4.750000000000000888e-01 0.000000000000000000e+00
5.000000000000001110e-01 0.000000000000000000e+00
5.250000000000001332e-01 0.000000000000000000e+00
5.500000000000001554e-01 0.000000000000000000e+00
5.750000000000001776e-01 0.000000000000000000e+00
6.000000000000001998e-01 0.000000000000000000e+00
6.250000000000002220e-01 0.000000000000000000e+00
6.500000000000002442e-01 0.000000000000000000e+00
6.750000000000000444e-01 0.000000000000000000e+00
7.000000000000001776e-01 0.000000000000000000e+00
7.250000000000000888e-01 0.000000000000000000e+00
7.500000000000002220e-01 0.000000000000000000e+00
7.750000000000001332e-01 0.000000000000000000e+00
8.000000000000002665e-01 0.000000000000000000e+00
8.250000000000001776e-01 0.000000000000000000e+00
8.500000000000003109e-01 0.000000000000000000e+00
8.750000000000002220e-01 0.000000000000000000e+00
9.000000000000003553e-01 0.000000000000000000e+00
9.250000000000001554e-01 0.000000000000000000e+00
9.500000000000001776e-01 0.000000000000000000e+00
9.750000000000001998e-01 0.000000000000000000e+00
1.000000000000000222e+00 0.000000000000000000e+00
1.025000000000000355e+00 0.000000000000000000e+00
1.050000000000000266e+00 0.000000000000000000e+00
1.075000000000000178e+00 2.328015413464848415e-02
1.100000000000000311e+00 9.294107284748033548e-02
1.125000000000000222e+00 2.179712212751608869e-01
1.150000000000000133e+00 4.283631082287572278e-01
1.175000000000000266e+00 7.255369937749019948e-01
1.200000000000000400e+00 1.090191557475098438e+00
1.225000000000000311e+00 1.498335017437953276e+00
1.250000000000000222e+00 1.887301464162347564e+00
1.275000000000000355e+00 2.209454245357193702e+00
1.300000000000000488e+00 2.424908321744215112e+00
1.325000000000000400e+00 2.525824559612078524e+00
1.350000000000000311e+00 2.537270188145511973e+00
1.375000000000000444e+00 2.485745285131818250e+00
1.400000000000000133e+00 2.386389212847302765e+00
1.425000000000000266e+00 2.255933152840083000e+00
1.450000000000000178e+00 2.100179179059159740e+00
1.475000000000000311e+00 1.928611762167746546e+00
1.500000000000000222e+00 1.746758016404138081e+00
1.525000000000000355e+00 1.574343748167435830e+00
1.550000000000000266e+00 1.416440428652324446e+00
1.575000000000000400e+00 1.281713792494755033e+00
1.600000000000000311e+00 1.158239956295549877e+00
1.625000000000000444e+00 1.036747643063287594e+00
1.650000000000000355e+00 9.310308653670107404e-01
1.675000000000000488e+00 8.404429148824782425e-01
1.700000000000000400e+00 7.629533085588430241e-01
1.725000000000000533e+00 6.993814994652244321e-01
1.750000000000000444e+00 6.479922823621544481e-01
1.775000000000000577e+00 6.041895548306084329e-01
1.800000000000000266e+00 5.696753443122765104e-01
1.825000000000000400e+00 5.382378692169162981e-01
1.850000000000000311e+00 5.143755761380678360e-01
1.875000000000000222e+00 5.020833822264778590e-01
1.900000000000000355e+00 4.993098887762363325e-01
1.925000000000000488e+00 5.036147185922049685e-01
1.950000000000000400e+00 5.136849681852834193e-01
1.975000000000000311e+00 5.294304799101970938e-01
2.000000000000000000e+00 5.494305014878907434e-01
2.025000000000000355e+00 5.719031444079112347e-01
2.050000000000000266e+00 5.984165349565193637e-01
2.075000000000000178e+00 6.321975047157810668e-01
2.100000000000000533e+00 6.747753806552097000e-01
2.125000000000000444e+00 7.218472823351742562e-01
2.150000000000000355e+00 7.716435471240622457e-01
2.175000000000000266e+00 8.266677210252515451e-01
2.200000000000000178e+00 8.817896491105935430e-01
2.225000000000000089e+00 9.373545740426424411e-01
2.250000000000000000e+00 9.921433478617701640e-01
2.275000000000000355e+00 1.045162376229370915e+00
2.300000000000000266e+00 1.097647513601738289e+00
2.325000000000000178e+00 1.145150071479442255e+00
2.350000000000000089e+00 1.187037312304077608e+00
2.375000000000000444e+00 1.223669079174162899e+00
2.400000000000000355e+00 1.255781582907684601e+00
2.425000000000000266e+00 1.279647319286428164e+00
2.450000000000000178e+00 1.298982892198944583e+00
2.475000000000000533e+00 1.309160584157891494e+00
2.500000000000000888e+00 1.312772989186546058e+00
2.525000000000000355e+00 1.312404250654919169e+00
2.550000000000000711e+00 1.303727344592521931e+00
2.575000000000000178e+00 1.292183179961978512e+00
2.600000000000000533e+00 1.278610803630513493e+00
2.625000000000000000e+00 1.261293364588607968e+00
2.650000000000000799e+00 1.242195573021854571e+00
2.675000000000000266e+00 1.217897798127392850e+00
2.700000000000001066e+00 1.188182182241466212e+00
2.725000000000000533e+00 1.156527623939196614e+00
2.750000000000000888e+00 1.121241810108063230e+00
2.775000000000000355e+00 1.085693189593892827e+00
2.799999999999999822e+00 1.050817670688938277e+00
2.825000000000000178e+00 1.017891205942590638e+00
2.849999999999999645e+00 9.877981439272011110e-01
2.875000000000000444e+00 9.590827488205717621e-01
2.899999999999999911e+00 9.280801431278087321e-01
2.925000000000000711e+00 8.984527213245196986e-01
2.950000000000000178e+00 8.724465776854013477e-01
2.975000000000000533e+00 8.492443890106602389e-01
3.000000000000000000e+00 8.296164238885256337e-01
3.025000000000000355e+00 8.151477709849318520e-01
3.049999999999999822e+00 8.049926302114703835e-01
3.075000000000000622e+00 7.965015626109022140e-01
3.100000000000000089e+00 7.896071057004652172e-01
3.125000000000000888e+00 7.872856018691536395e-01
3.150000000000000355e+00 7.899277675744752480e-01
3.175000000000000711e+00 7.967059079601264138e-01
3.200000000000000178e+00 8.093203456903168558e-01
3.225000000000000533e+00 8.265007848626992892e-01
3.250000000000000000e+00 8.463897323623582603e-01
3.275000000000000799e+00 8.689387122849878686e-01
3.300000000000000266e+00 8.928952049819122161e-01
3.325000000000001066e+00 9.194298822004897120e-01
3.350000000000000533e+00 9.459633954462752792e-01
3.375000000000000888e+00 9.714125547521246240e-01
3.400000000000000355e+00 9.950737181347920624e-01
3.425000000000000711e+00 1.017334995408167631e+00
3.450000000000000178e+00 1.038827584280273220e+00
3.475000000000000977e+00 1.059543857463531191e+00
3.500000000000000444e+00 1.080329975533474096e+00
3.525000000000001243e+00 1.099903752766024700e+00
3.550000000000000711e+00 1.115637973688306861e+00
3.575000000000001066e+00 1.128221275995494599e+00
3.600000000000000533e+00 1.135344865708578510e+00
3.625000000000000000e+00 1.140494503052503772e+00
3.650000000000000355e+00 1.141920683321406393e+00
3.674999999999999822e+00 1.140018916147637951e+00
3.700000000000000622e+00 1.137191133173253599e+00
3.725000000000000089e+00 1.131509854564919593e+00
3.750000000000000888e+00 1.123301236494478772e+00
3.775000000000000355e+00 1.113638473266694184e+00
3.800000000000000711e+00 1.102342017537932151e+00
3.825000000000000178e+00 1.089753485323514459e+00
3.850000000000000533e+00 1.075504144876025414e+00
3.875000000000000000e+00 1.060295575426826398e+00
3.900000000000000799e+00 1.045909485323428090e+00
3.925000000000000266e+00 1.030925731901821019e+00
3.950000000000001066e+00 1.017144229269068445e+00
3.975000000000000533e+00 1.003553856382812803e+00
4.000000000000000888e+00 9.914913103729990906e-01
4.025000000000000355e+00 9.802862585953511232e-01
4.050000000000000711e+00 9.688204431832225794e-01
4.075000000000000178e+00 9.582124755392816828e-01
4.100000000000000533e+00 9.477233218770544365e-01
4.125000000000000888e+00 9.379216809467121330e-01
4.150000000000001243e+00 9.303110815016144564e-01
4.175000000000000711e+00 9.230086824147172297e-01
4.200000000000001066e+00 9.181818944272938099e-01
4.225000000000000533e+00 9.165025327947302625e-01
4.250000000000000888e+00 9.158651089766876030e-01
4.275000000000000355e+00 9.154182290521526433e-01
4.300000000000001599e+00 9.147679375663071433e-01
4.325000000000000178e+00 9.163960220687293878e-01
4.350000000000001421e+00 9.192555160245374779e-01
4.375000000000000888e+00 9.228667589024364126e-01
4.400000000000000355e+00 9.300648276932472758e-01
4.425000000000000711e+00 9.393636445305871829e-01
4.450000000000000178e+00 9.499879596481946020e-01
4.475000000000000533e+00 9.606134512363628808e-01
4.500000000000000000e+00 9.709327240202578757e-01
4.525000000000001243e+00 9.806392432189419139e-01
4.549999999999999822e+00 9.911181372193088590e-01
4.575000000000001066e+00 1.001721460804646524e+00
4.600000000000000533e+00 1.012560659221782178e+00
4.625000000000000888e+00 1.022537722315201458e+00
4.650000000000000355e+00 1.031837632333939547e+00
4.675000000000000711e+00 1.041372274270345510e+00
4.700000000000000178e+00 1.048796414183326364e+00
4.725000000000000533e+00 1.054102048377095535e+00
4.750000000000000888e+00 1.059458096360046619e+00
4.775000000000001243e+00 1.063807928951501669e+00
4.800000000000000711e+00 1.065457192458447055e+00
4.825000000000001066e+00 1.066410538693525867e+00
4.850000000000000533e+00 1.065863387688431585e+00
4.875000000000000888e+00 1.065206176644826419e+00
4.900000000000000355e+00 1.062504223426693262e+00
4.925000000000001599e+00 1.057142591095888928e+00
4.950000000000000178e+00 1.051985041668023424e+00
4.975000000000001421e+00 1.048526820966619422e+00
5.000000000000000888e+00 1.046323618836026315e+00
