1.734723475976807094e-18 0.000000000000000000e+00
2.500000000000000486e-02 0.000000000000000000e+00
5.000000000000001665e-02 0.000000000000000000e+00
7.500000000000001110e-02 0.000000000000000000e+00
1.000000000000000333e-01 0.000000000000000000e+00
1.250000000000000000e-01 0.000000000000000000e+00
1.499999999999999944e-01 0.000000000000000000e+00
1.750000000000000167e-01 0.000000000000000000e+00
2.000000000000000389e-01 0.000000000000000000e+00
2.250000000000000611e-01 0.000000000000000000e+00
2.500000000000000000e-01 0.000000000000000000e+00
2.750000000000000222e-01 0.000000000000000000e+00
3.000000000000000444e-01 0.000000000000000000e+00
3.250000000000000111e-01 0.000000000000000000e+00
3.500000000000000333e-01 0.000000000000000000e+00
3.750000000000000555e-01 0.000000000000000000e+00
4.000000000000000777e-01 0.000000000000000000e+00
4.250000000000000999e-01 0.000000000000000000e+00
4.500000000000001221e-01 0.000000000000000000e+00
4.750000000000000888e-01 0.000000000000000000e+00
5.000000000000001110e-01 0.000000000000000000e+00
5.250000000000001332e-01 0.000000000000000000e+00
5.500000000000001554e-01 0.000000000000000000e+00
5.750000000000001776e-01 0.000000000000000000e+00
6.000000000000001998e-01 0.000000000000000000e+00
6.250000000000002220e-01 0.000000000000000000e+00
6.500000000000002442e-01 0.000000000000000000e+00
6.750000000000000444e-01 0.000000000000000000e+00
7.000000000000001776e-01 0.000000000000000000e+00
7.250000000000000888e-01 0.000000000000000000e+00
7.500000000000002220e-01 0.000000000000000000e+00
7.750000000000001332e-01 0.000000000000000000e+00
8.000000000000002665e-01 0.000000000000000000e+00
8.250000000000001776e-01 0.000000000000000000e+00
8.500000000000003109e-01 0.000000000000000000e+00
8.750000000000002220e-01 8.734234900609087125e-06
9.000000000000003553e-01 0.000000000000000000e+00
9.250000000000001554e-01 0.000000000000000000e+00
9.500000000000001776e-01 0.000000000000000000e+00
9.750000000000001998e-01 1.127577501771674824e-03
1.000000000000000222e+00 1.934252608950881927e-04
1.025000000000000355e+00 0.000000000000000000e+00
1.050000000000000266e+00 0.000000000000000000e+00
1.075000000000000178e+00 1.368529941426191443e-02
1.100000000000000311e+00 6.197147560018821666e-02
1.125000000000000222e+00 1.560254779339455000e-01
1.150000000000000133e+00 3.351354752413225890e-01
1.175000000000000266e+00 6.034052408108881993e-01
1.200000000000000400e+00 9.435043364913473507e-01
1.225000000000000311e+00 1.337052007125465236e+00
1.250000000000000222e+00 1.729701289189952140e+00
1.275000000000000355e+00 2.067407335920040889e+00
1.300000000000000488e+00 2.321944066904988002e+00
1.325000000000000400e+00 2.462037342568231146e+00
1.350000000000000311e+00 2.518378508653604353e+00
1.375000000000000444e+00 2.510836886345475971e+00
1.400000000000000133e+00 2.451486779869187504e+00
1.425000000000000266e+00 2.354566613890945792e+00
1.450000000000000178e+00 2.211591756256276575e+00
1.475000000000000311e+00 2.045097628812813984e+00
1.500000000000000222e+00 1.868666966869233059e+00
1.525000000000000355e+00 1.684062070515581322e+00
1.550000000000000266e+00 1.514771490403240550e+00
1.575000000000000400e+00 1.371629894750661549e+00
1.600000000000000311e+00 1.242421708591940233e+00
1.625000000000000444e+00 1.116835534595111312e+00
1.650000000000000355e+00 9.962915911920758871e-01
1.675000000000000488e+00 8.950038948415222073e-01
1.700000000000000400e+00 8.078529577187433253e-01
1.725000000000000533e+00 7.355985333078874921e-01
1.750000000000000444e+00 6.756071373627929866e-01
1.775000000000000577e+00 6.260196401124756838e-01
1.800000000000000266e+00 5.860126516585246748e-01
1.825000000000000400e+00 5.546096376137858996e-01
1.850000000000000311e+00 5.330667667162010126e-01
1.875000000000000222e+00 5.215275998769233201e-01
1.900000000000000355e+00 5.139284712330264293e-01
1.925000000000000488e+00 5.125736446996917994e-01
1.950000000000000400e+00 5.143366628819910913e-01
1.975000000000000311e+00 5.214106907686744119e-01
2.000000000000000000e+00 5.364876926891214426e-01
2.025000000000000355e+00 5.571327499218839963e-01
2.050000000000000266e+00 5.812872373609700993e-01
2.075000000000000178e+00 6.074293986120491429e-01
2.100000000000000533e+00 6.368195309109889735e-01
2.125000000000000444e+00 6.720361174483704403e-01
2.150000000000000355e+00 7.104899740273622477e-01
2.175000000000000266e+00 7.534468698082816829e-01
2.200000000000000178e+00 8.016442252060466123e-01
2.225000000000000089e+00 8.529777020434440304e-01
2.250000000000000000e+00 9.067281907534097130e-01
2.275000000000000355e+00 9.599157782625633573e-01
2.300000000000000266e+00 1.012880928604131148e+00
2.325000000000000178e+00 1.065264328135566263e+00
2.350000000000000089e+00 1.112915728024893358e+00
2.375000000000000444e+00 1.159053240538761465e+00
2.400000000000000355e+00 1.201906453541903064e+00
2.425000000000000266e+00 1.240899201466561408e+00
2.450000000000000178e+00 1.274826393606604213e+00
2.475000000000000533e+00 1.300267409762174253e+00
2.500000000000000888e+00 1.319221136373087910e+00
2.525000000000000355e+00 1.333383057017843765e+00
2.550000000000000711e+00 1.338576485570454944e+00
2.575000000000000178e+00 1.340891896401185779e+00
2.600000000000000533e+00 1.337348290729748479e+00
2.625000000000000000e+00 1.325475210222755162e+00
2.650000000000000799e+00 1.307852160157829902e+00
2.675000000000000266e+00 1.284095733908962478e+00
2.700000000000001066e+00 1.255802749953827124e+00
2.725000000000000533e+00 1.224082948867437182e+00
2.750000000000000888e+00 1.187686187501678869e+00
2.775000000000000355e+00 1.151133953649017938e+00
2.799999999999999822e+00 1.113644689326094728e+00
2.825000000000000178e+00 1.073045357664231592e+00
2.849999999999999645e+00 1.037014379890098814e+00
2.875000000000000444e+00 1.000453559642481283e+00
2.899999999999999911e+00 9.642209064009475972e-01
2.925000000000000711e+00 9.294715496294776447e-01
2.950000000000000178e+00 8.967620824099292731e-01
2.975000000000000533e+00 8.663668454882849090e-01
3.000000000000000000e+00 8.421274142023869036e-01
3.025000000000000355e+00 8.203883574192905037e-01
3.049999999999999822e+00 8.046536806727037083e-01
3.075000000000000622e+00 7.923931070642779018e-01
3.100000000000000089e+00 7.846210312610819582e-01
3.125000000000000888e+00 7.793149223231931044e-01
3.150000000000000355e+00 7.772251662386435722e-01
3.175000000000000711e+00 7.790044408895119288e-01
3.200000000000000178e+00 7.855308197801498249e-01
3.225000000000000533e+00 7.955427685186555742e-01
3.250000000000000000e+00 8.080638130077530956e-01
3.275000000000000799e+00 8.241711298169250854e-01
3.300000000000000266e+00 8.432979331046799309e-01
3.325000000000001066e+00 8.640718517766802220e-01
3.350000000000000533e+00 8.868451915570430000e-01
3.375000000000000888e+00 9.132611643039740823e-01
3.400000000000000355e+00 9.398205973260630453e-01
3.425000000000000711e+00 9.658151928327743940e-01
3.450000000000000178e+00 9.926945607446625575e-01
3.475000000000000977e+00 1.018522354423549769e+00
3.500000000000000444e+00 1.042728315869003053e+00
3.525000000000001243e+00 1.064358036614275971e+00
3.550000000000000711e+00 1.085925087353960539e+00
3.575000000000001066e+00 1.104961198456901439e+00
3.600000000000000533e+00 1.120675113397156419e+00
3.625000000000000000e+00 1.132816350014311135e+00
3.650000000000000355e+00 1.143960229883450364e+00
3.674999999999999822e+00 1.150736342163606540e+00
3.700000000000000622e+00 1.154014542140693544e+00
3.725000000000000089e+00 1.154444092489059770e+00
3.750000000000000888e+00 1.152474220384215320e+00
3.775000000000000355e+00 1.146525093691856068e+00
3.800000000000000711e+00 1.138004769731864929e+00
3.825000000000000178e+00 1.128552032563125307e+00
3.850000000000000533e+00 1.117214931004872458e+00
3.875000000000000000e+00 1.104577319305601213e+00
3.900000000000000799e+00 1.091087779089974230e+00
3.925000000000000266e+00 1.076918643309083379e+00
3.950000000000001066e+00 1.061849390702297002e+00
3.975000000000000533e+00 1.045847871834073572e+00
4.000000000000000888e+00 1.028773698369093381e+00
4.025000000000000355e+00 1.012296543268371485e+00
4.050000000000000711e+00 9.958745669821345015e-01
4.075000000000000178e+00 9.810498820038924261e-01
4.100000000000000533e+00 9.681852280765232965e-01
4.125000000000000888e+00 9.559380578270720852e-01
4.150000000000001243e+00 9.453531203288338958e-01
4.175000000000000711e+00 9.346378636689562924e-01
4.200000000000001066e+00 9.251493345630054099e-01
4.225000000000000533e+00 9.158661515939937603e-01
4.250000000000000888e+00 9.086957426640767110e-01
4.275000000000000355e+00 9.034722609746163036e-01
4.300000000000001599e+00 9.011138172271132563e-01
4.325000000000000178e+00 9.002831222636016317e-01
4.350000000000001421e+00 9.015512050302064706e-01
4.375000000000000888e+00 9.033087720892855055e-01
4.400000000000000355e+00 9.074044154664667738e-01
4.425000000000000711e+00 9.116079406626034221e-01
4.450000000000000178e+00 9.177239405177585185e-01
4.475000000000000533e+00 9.243808461937712551e-01
4.500000000000000000e+00 9.333851304645734981e-01
4.525000000000001243e+00 9.441871033233004695e-01
4.549999999999999822e+00 9.565343094766525223e-01
4.575000000000001066e+00 9.695485797877144707e-01
4.600000000000000533e+00 9.828749125266723619e-01
4.625000000000000888e+00 9.955483802415416861e-01
4.650000000000000355e+00 1.007193273480500917e+00
4.675000000000000711e+00 1.017282612596615232e+00
4.700000000000000178e+00 1.027698639339656550e+00
4.725000000000000533e+00 1.036969281543410171e+00
4.750000000000000888e+00 1.047302266425817585e+00
4.775000000000001243e+00 1.056754962301702738e+00
4.800000000000000711e+00 1.064278271883957627e+00
4.825000000000001066e+00 1.070526182058247455e+00
4.850000000000000533e+00 1.074240039268286040e+00
4.875000000000000888e+00 1.074952530162919029e+00
4.900000000000000355e+00 1.075639799894798188e+00
4.925000000000001599e+00 1.073161483080747436e+00
4.950000000000000178e+00 1.072078148477165760e+00
4.975000000000001421e+00 1.070600843528801027e+00
5.000000000000000888e+00 1.069669840105853753e+00
