1.734723475976807094e-18 0.000000000000000000e+00
2.500000000000000486e-02 0.000000000000000000e+00
5.000000000000001665e-02 0.000000000000000000e+00
7.500000000000001110e-02 0.000000000000000000e+00
1.000000000000000333e-01 0.000000000000000000e+00
1.250000000000000000e-01 0.000000000000000000e+00
1.499999999999999944e-01 0.000000000000000000e+00
1.750000000000000167e-01 0.000000000000000000e+00
2.000000000000000389e-01 0.000000000000000000e+00
2.250000000000000611e-01 0.000000000000000000e+00
2.500000000000000000e-01 0.000000000000000000e+00
2.750000000000000222e-01 0.000000000000000000e+00
3.000000000000000444e-01 0.000000000000000000e+00
3.250000000000000111e-01 0.000000000000000000e+00
3.500000000000000333e-01 0.000000000000000000e+00
3.750000000000000555e-01 0.000000000000000000e+00
4.000000000000000777e-01 0.000000000000000000e+00
4.250000000000000999e-01 0.000000000000000000e+00
4.500000000000001221e-01 0.000000000000000000e+00
4.750000000000000888e-01 0.000000000000000000e+00
5.000000000000001110e-01 0.000000000000000000e+00
5.250000000000001332e-01 0.000000000000000000e+00
5.500000000000001554e-01 0.000000000000000000e+00
5.750000000000001776e-01 0.000000000000000000e+00
6.000000000000001998e-01 0.000000000000000000e+00
6.250000000000002220e-01 1.593809708781642969e-05
6.500000000000002442e-01 4.439898474463149119e-05
6.750000000000000444e-01 6.147551733872051792e-05
7.000000000000001776e-01 1.201302724195519401e-05
7.250000000000000888e-01 0.000000000000000000e+00
7.500000000000002220e-01 6.920692760573301703e-05
7.750000000000001332e-01 7.865117659522016672e-05
8.000000000000002665e-01 2.176007271259454770e-04
8.250000000000001776e-01 6.386481656514698783e-04
8.500000000000003109e-01 1.256508023205610974e-03
8.750000000000002220e-01 1.892790328489607141e-03
9.000000000000003553e-01 2.789180211323211145e-03
9.250000000000001554e-01 8.301194893018368909e-03
9.500000000000001776e-01 3.839043658804827674e-02
9.750000000000001998e-01 9.214459509607103582e-02
1.000000000000000222e+00 1.380010884919133651e-01
1.025000000000000355e+00 1.951017143709525836e-01
1.050000000000000266e+00 2.925263904067559317e-01
1.075000000000000178e+00 4.283531105725773003e-01
1.100000000000000311e+00 5.856752095216767318e-01
1.125000000000000222e+00 7.639318095442598766e-01
1.150000000000000133e+00 9.829486901580162250e-01
1.175000000000000266e+00 1.205798737610734861e+00
1.200000000000000400e+00 1.384299252969291461e+00
1.225000000000000311e+00 1.545850271657333685e+00
1.250000000000000222e+00 1.685585378129983880e+00
1.275000000000000355e+00 1.786955275658076880e+00
1.300000000000000488e+00 1.843637673859755521e+00
1.325000000000000400e+00 1.857374192767922594e+00
1.350000000000000311e+00 1.848822445407165782e+00
1.375000000000000444e+00 1.824854407178817306e+00
1.400000000000000133e+00 1.785092382603741257e+00
1.425000000000000266e+00 1.734702575977275618e+00
1.450000000000000178e+00 1.662030900951016132e+00
1.475000000000000311e+00 1.584391318372903479e+00
1.500000000000000222e+00 1.506443375436503418e+00
1.525000000000000355e+00 1.423780258673218224e+00
1.550000000000000266e+00 1.343732339443610035e+00
1.575000000000000400e+00 1.276016333047843565e+00
1.600000000000000311e+00 1.211035239774292727e+00
1.625000000000000444e+00 1.138925455054642377e+00
1.650000000000000355e+00 1.069447456169096089e+00
1.675000000000000488e+00 1.010925879211452827e+00
1.700000000000000400e+00 9.589873399248478592e-01
1.725000000000000533e+00 9.141230632383823274e-01
1.750000000000000444e+00 8.717680646024605906e-01
1.775000000000000577e+00 8.360226345216849042e-01
1.800000000000000266e+00 8.039367341163531355e-01
1.825000000000000400e+00 7.720988384837481622e-01
1.850000000000000311e+00 7.502082092509193556e-01
1.875000000000000222e+00 7.350950512418986671e-01
1.900000000000000355e+00 7.247013785462429469e-01
1.925000000000000488e+00 7.169324252515197893e-01
1.950000000000000400e+00 7.091986438849250396e-01
1.975000000000000311e+00 7.097062448802755608e-01
2.000000000000000000e+00 7.144011756705483940e-01
2.025000000000000355e+00 7.207920553623575755e-01
2.050000000000000266e+00 7.346390044527569829e-01
2.075000000000000178e+00 7.502280364117833722e-01
2.100000000000000533e+00 7.676325411160467294e-01
2.125000000000000444e+00 7.872595971173625973e-01
2.150000000000000355e+00 8.060373692676370272e-01
2.175000000000000266e+00 8.284733126910410750e-01
2.200000000000000178e+00 8.533945245189777928e-01
2.225000000000000089e+00 8.784454683738244229e-01
2.250000000000000000e+00 9.098831384132485267e-01
2.275000000000000355e+00 9.400992048320905292e-01
2.300000000000000266e+00 9.709907282827187069e-01
2.325000000000000178e+00 1.000176061360796620e+00
2.350000000000000089e+00 1.025806865043089600e+00
2.375000000000000444e+00 1.050396923619875134e+00
2.400000000000000355e+00 1.073896918099501718e+00
2.425000000000000266e+00 1.095268518038110317e+00
2.450000000000000178e+00 1.118079677612761724e+00
2.475000000000000533e+00 1.135971964857249494e+00
2.500000000000000888e+00 1.150635447546948908e+00
2.525000000000000355e+00 1.160873821781552850e+00
2.550000000000000711e+00 1.168122103149289437e+00
2.575000000000000178e+00 1.171615103501155719e+00
2.600000000000000533e+00 1.173582468450263372e+00
2.625000000000000000e+00 1.172335686221014361e+00
2.650000000000000799e+00 1.168803693398352994e+00
2.675000000000000266e+00 1.162396776907729912e+00
2.700000000000001066e+00 1.152229423151312382e+00
2.725000000000000533e+00 1.138451655141733188e+00
2.750000000000000888e+00 1.124090231263667139e+00
2.775000000000000355e+00 1.107133995037314911e+00
2.799999999999999822e+00 1.090196193319040940e+00
2.825000000000000178e+00 1.072975824891898800e+00
2.849999999999999645e+00 1.054282392195145412e+00
2.875000000000000444e+00 1.035949260455801157e+00
2.899999999999999911e+00 1.016454965796575349e+00
2.925000000000000711e+00 9.969112370085170260e-01
2.950000000000000178e+00 9.787726603420090488e-01
2.975000000000000533e+00 9.626601691301142072e-01
3.000000000000000000e+00 9.487688994956500199e-01
3.025000000000000355e+00 9.371416606636000513e-01
3.049999999999999822e+00 9.257762265406450641e-01
3.075000000000000622e+00 9.180196420922966949e-01
3.100000000000000089e+00 9.133601341269603768e-01
3.125000000000000888e+00 9.103677459005965478e-01
3.150000000000000355e+00 9.066685783575643143e-01
3.175000000000000711e+00 9.072652145541462154e-01
3.200000000000000178e+00 9.076612228449024711e-01
3.225000000000000533e+00 9.075503273644406343e-01
3.250000000000000000e+00 9.087076678969046029e-01
3.275000000000000799e+00 9.120358873874322425e-01
3.300000000000000266e+00 9.170844491664094100e-01
3.325000000000001066e+00 9.238966485072375168e-01
3.350000000000000533e+00 9.299935715949649850e-01
3.375000000000000888e+00 9.400783031157653458e-01
3.400000000000000355e+00 9.498831305592297936e-01
3.425000000000000711e+00 9.599377742865252694e-01
3.450000000000000178e+00 9.701688981462128769e-01
3.475000000000000977e+00 9.800607685137563418e-01
3.500000000000000444e+00 9.900671337795963201e-01
3.525000000000001243e+00 1.000257219753152071e+00
3.550000000000000711e+00 1.009581452781353583e+00
3.575000000000001066e+00 1.019082892245239291e+00
3.600000000000000533e+00 1.028219744058473717e+00
3.625000000000000000e+00 1.035933962976805178e+00
3.650000000000000355e+00 1.042259276242460064e+00
3.674999999999999822e+00 1.046842924591697033e+00
3.700000000000000622e+00 1.053012944700427278e+00
3.725000000000000089e+00 1.058191765876533408e+00
3.750000000000000888e+00 1.060971205687977204e+00
3.775000000000000355e+00 1.060564400733833956e+00
3.800000000000000711e+00 1.060116565915924403e+00
3.825000000000000178e+00 1.057811951800566419e+00
3.850000000000000533e+00 1.055012340336745513e+00
3.875000000000000000e+00 1.051205498519333759e+00
3.900000000000000799e+00 1.049400260582957989e+00
3.925000000000000266e+00 1.047416248119408477e+00
3.950000000000001066e+00 1.042808975960928475e+00
3.975000000000000533e+00 1.038329489237774572e+00
4.000000000000000888e+00 1.033100271427473293e+00
4.025000000000000355e+00 1.024884555928372132e+00
4.050000000000000711e+00 1.017164195500215973e+00
4.075000000000000178e+00 1.009458991004627437e+00
4.100000000000000533e+00 1.003024490580119998e+00
4.125000000000000888e+00 9.985426036813689343e-01
4.150000000000001243e+00 9.936447899942519868e-01
4.175000000000000711e+00 9.901523901238070691e-01
4.200000000000001066e+00 9.853176053835960291e-01
4.225000000000000533e+00 9.803491799017594044e-01
4.250000000000000888e+00 9.755880930150985231e-01
4.275000000000000355e+00 9.725652046415131924e-01
4.300000000000001599e+00 9.709280227627423709e-01
4.325000000000000178e+00 9.685930339805690625e-01
4.350000000000001421e+00 9.676961346672807718e-01
4.375000000000000888e+00 9.674357845564397484e-01
4.400000000000000355e+00 9.672324375080211256e-01
4.425000000000000711e+00 9.668120060637087620e-01
4.450000000000000178e+00 9.680276758465635734e-01
4.475000000000000533e+00 9.694968867446842609e-01
4.500000000000000000e+00 9.721405949631397592e-01
4.525000000000001243e+00 9.730881125252384134e-01
4.549999999999999822e+00 9.771271413376578785e-01
4.575000000000001066e+00 9.800668165195396409e-01
4.600000000000000533e+00 9.830406403603408894e-01
4.625000000000000888e+00 9.849998210333242854e-01
4.650000000000000355e+00 9.901867721667086952e-01
4.675000000000000711e+00 9.935637298373037885e-01
4.700000000000000178e+00 9.989400625738454886e-01
4.725000000000000533e+00 1.001741460648160054e+00
4.750000000000000888e+00 1.006259725875375377e+00
4.775000000000001243e+00 1.008623877866833496e+00
4.800000000000000711e+00 1.011631572298139714e+00
4.825000000000001066e+00 1.013365395073687614e+00
4.850000000000000533e+00 1.015978821318310299e+00
4.875000000000000888e+00 1.018146100294318845e+00
4.900000000000000355e+00 1.020208964892648451e+00
4.925000000000001599e+00 1.020839242700259053e+00
4.950000000000000178e+00 1.021804240916116546e+00
4.975000000000001421e+00 1.021943509312874809e+00
5.000000000000000888e+00 1.022172063734378078e+00
