1.734723475976807094e-18 0.000000000000000000e+00
2.500000000000000486e-02 0.000000000000000000e+00
5.000000000000001665e-02 0.000000000000000000e+00
7.500000000000001110e-02 0.000000000000000000e+00
1.000000000000000333e-01 0.000000000000000000e+00
1.250000000000000000e-01 0.000000000000000000e+00
1.499999999999999944e-01 0.000000000000000000e+00
1.750000000000000167e-01 0.000000000000000000e+00
2.000000000000000389e-01 0.000000000000000000e+00
2.250000000000000611e-01 0.000000000000000000e+00
2.500000000000000000e-01 0.000000000000000000e+00
2.750000000000000222e-01 0.000000000000000000e+00
3.000000000000000444e-01 0.000000000000000000e+00
3.250000000000000111e-01 0.000000000000000000e+00
3.500000000000000333e-01 0.000000000000000000e+00
3.750000000000000555e-01 0.000000000000000000e+00
4.000000000000000777e-01 0.000000000000000000e+00
4.250000000000000999e-01 0.000000000000000000e+00
4.500000000000001221e-01 0.000000000000000000e+00
4.750000000000000888e-01 0.000000000000000000e+00
5.000000000000001110e-01 0.000000000000000000e+00
5.250000000000001332e-01 0.000000000000000000e+00
5.500000000000001554e-01 0.000000000000000000e+00
5.750000000000001776e-01 1.843433441054037985e-05
6.000000000000001998e-01 3.538497451627469566e-06
6.250000000000002220e-01 0.000000000000000000e+00
6.500000000000002442e-01 6.186874418648413546e-05
6.750000000000000444e-01 4.471663691730384197e-04
7.000000000000001776e-01 7.063560512265659556e-04
7.250000000000000888e-01 6.459769748861918844e-04
7.500000000000002220e-01 1.503472033771498023e-03
7.750000000000001332e-01 3.203524390244340009e-03
8.000000000000002665e-01 5.360198864413357779e-03
8.250000000000001776e-01 7.307406284495228388e-03
8.500000000000003109e-01 1.271775273322298984e-02
8.750000000000002220e-01 2.198563414259170970e-02
9.000000000000003553e-01 3.951560666093734131e-02
9.250000000000001554e-01 7.552910193406536798e-02
9.500000000000001776e-01 1.418394252263537325e-01
9.750000000000001998e-01 2.130093556954891221e-01
1.000000000000000222e+00 2.493799840446669080e-01
1.025000000000000355e+00 2.629435821945967366e-01
1.050000000000000266e+00 2.849455740228410416e-01
1.075000000000000178e+00 3.270623688433725862e-01
1.100000000000000311e+00 4.120211987551652966e-01
1.125000000000000222e+00 5.594116925242220706e-01
1.150000000000000133e+00 7.806009301869293315e-01
1.175000000000000266e+00 1.032624450151923501e+00
1.200000000000000400e+00 1.264397802165466711e+00
1.225000000000000311e+00 1.480287946075889982e+00
1.250000000000000222e+00 1.666854671972694435e+00
1.275000000000000355e+00 1.802009288660140207e+00
1.300000000000000488e+00 1.881643567431417363e+00
1.325000000000000400e+00 1.914540618695619534e+00
1.350000000000000311e+00 1.914362537075694037e+00
1.375000000000000444e+00 1.895820089174524270e+00
1.400000000000000133e+00 1.859500433541404263e+00
1.425000000000000266e+00 1.812859815532935626e+00
1.450000000000000178e+00 1.745680265694731448e+00
1.475000000000000311e+00 1.663267645324693733e+00
1.500000000000000222e+00 1.575595830429038946e+00
1.525000000000000355e+00 1.487454734550656132e+00
1.550000000000000266e+00 1.396744689642317905e+00
1.575000000000000400e+00 1.315001745845280734e+00
1.600000000000000311e+00 1.236380715369242322e+00
1.625000000000000444e+00 1.156278532477153620e+00
1.650000000000000355e+00 1.080690873620545611e+00
1.675000000000000488e+00 1.010527171665698498e+00
1.700000000000000400e+00 9.537203540613211628e-01
1.725000000000000533e+00 9.012691859211852119e-01
1.750000000000000444e+00 8.531452244988961819e-01
1.775000000000000577e+00 8.127595111768226577e-01
1.800000000000000266e+00 7.775905752025469297e-01
1.825000000000000400e+00 7.449267691838695749e-01
1.850000000000000311e+00 7.243277020790291898e-01
1.875000000000000222e+00 7.067386193450422294e-01
1.900000000000000355e+00 6.967145308454004704e-01
1.925000000000000488e+00 6.889478712008418881e-01
1.950000000000000400e+00 6.853497753563742023e-01
1.975000000000000311e+00 6.870559678303741480e-01
2.000000000000000000e+00 6.915177041718287843e-01
2.025000000000000355e+00 6.994148888074991355e-01
2.050000000000000266e+00 7.113642772109903811e-01
2.075000000000000178e+00 7.280183116729399551e-01
2.100000000000000533e+00 7.498364911040147351e-01
2.125000000000000444e+00 7.711055570888643018e-01
2.150000000000000355e+00 7.941113051270892731e-01
2.175000000000000266e+00 8.212396684761120724e-01
2.200000000000000178e+00 8.462687523370560072e-01
2.225000000000000089e+00 8.747053096257553229e-01
2.250000000000000000e+00 9.030215929150414711e-01
2.275000000000000355e+00 9.358916573860609489e-01
2.300000000000000266e+00 9.683828795228989206e-01
2.325000000000000178e+00 9.980971965016163239e-01
2.350000000000000089e+00 1.027706950955032283e+00
2.375000000000000444e+00 1.059146175171951532e+00
2.400000000000000355e+00 1.085141246147625971e+00
2.425000000000000266e+00 1.110869897567578368e+00
2.450000000000000178e+00 1.133431510809584264e+00
2.475000000000000533e+00 1.153486829646901413e+00
2.500000000000000888e+00 1.167394930846572976e+00
2.525000000000000355e+00 1.178771359081624670e+00
2.550000000000000711e+00 1.188101393661234573e+00
2.575000000000000178e+00 1.194182133981784633e+00
2.600000000000000533e+00 1.195615600692501612e+00
2.625000000000000000e+00 1.194190860701554113e+00
2.650000000000000799e+00 1.189232001686563178e+00
2.675000000000000266e+00 1.180672015468682501e+00
2.700000000000001066e+00 1.166045454378642265e+00
2.725000000000000533e+00 1.150217154725917235e+00
2.750000000000000888e+00 1.133560602103588444e+00
2.775000000000000355e+00 1.114716023640819120e+00
2.799999999999999822e+00 1.095711310454114962e+00
2.825000000000000178e+00 1.076816840132765574e+00
2.849999999999999645e+00 1.056064052005285525e+00
2.875000000000000444e+00 1.036005121216991842e+00
2.899999999999999911e+00 1.012102512548771704e+00
2.925000000000000711e+00 9.895744276049458499e-01
2.950000000000000178e+00 9.688915000585517356e-01
2.975000000000000533e+00 9.512984939994122424e-01
3.000000000000000000e+00 9.362993143573951071e-01
3.025000000000000355e+00 9.250301324981986539e-01
3.049999999999999822e+00 9.149565492903453112e-01
3.075000000000000622e+00 9.077961489189739774e-01
3.100000000000000089e+00 9.000749455284562384e-01
3.125000000000000888e+00 8.960146541893874161e-01
3.150000000000000355e+00 8.917295836698659883e-01
3.175000000000000711e+00 8.913354294194775207e-01
3.200000000000000178e+00 8.903570864310049737e-01
3.225000000000000533e+00 8.919541547230755985e-01
3.250000000000000000e+00 8.944683716493185832e-01
3.275000000000000799e+00 9.009595565472976464e-01
3.300000000000000266e+00 9.086118439908386080e-01
3.325000000000001066e+00 9.187758003888290004e-01
3.350000000000000533e+00 9.285616821088293893e-01
3.375000000000000888e+00 9.407655450375647099e-01
3.400000000000000355e+00 9.506856993225657471e-01
3.425000000000000711e+00 9.616933890007995922e-01
3.450000000000000178e+00 9.721148400456041117e-01
3.475000000000000977e+00 9.827828552623063540e-01
3.500000000000000444e+00 9.950351931627310353e-01
3.525000000000001243e+00 1.006031456173283933e+00
3.550000000000000711e+00 1.016441804444310426e+00
3.575000000000001066e+00 1.027111118248484889e+00
3.600000000000000533e+00 1.036390035165896117e+00
3.625000000000000000e+00 1.044844524467020808e+00
3.650000000000000355e+00 1.051947995719383799e+00
3.674999999999999822e+00 1.056276744013878055e+00
3.700000000000000622e+00 1.062070842461964260e+00
3.725000000000000089e+00 1.064158297708640788e+00
3.750000000000000888e+00 1.065252414050389174e+00
3.775000000000000355e+00 1.066452369762860064e+00
3.800000000000000711e+00 1.064685293323673232e+00
3.825000000000000178e+00 1.063638699023664813e+00
3.850000000000000533e+00 1.060774416584266078e+00
3.875000000000000000e+00 1.058069629855327820e+00
3.900000000000000799e+00 1.054360259786364162e+00
3.925000000000000266e+00 1.049035716853143674e+00
3.950000000000001066e+00 1.042760866600435765e+00
3.975000000000000533e+00 1.037007494272599528e+00
4.000000000000000888e+00 1.031183879925984925e+00
4.025000000000000355e+00 1.026072115407674179e+00
4.050000000000000711e+00 1.020125574400976509e+00
4.075000000000000178e+00 1.015481481462910063e+00
4.100000000000000533e+00 1.008413768013793010e+00
4.125000000000000888e+00 1.002237889959416872e+00
4.150000000000001243e+00 9.949794232306549135e-01
4.175000000000000711e+00 9.873867017343750385e-01
4.200000000000001066e+00 9.807772610937763869e-01
4.225000000000000533e+00 9.740396231688537299e-01
4.250000000000000888e+00 9.684476533590460345e-01
4.275000000000000355e+00 9.640525866470703864e-01
4.300000000000001599e+00 9.609998555510006479e-01
4.325000000000000178e+00 9.610127489984247040e-01
4.350000000000001421e+00 9.613500141411740474e-01
4.375000000000000888e+00 9.630654075691003069e-01
4.400000000000000355e+00 9.641878094478902872e-01
4.425000000000000711e+00 9.655847147995504365e-01
4.450000000000000178e+00 9.658933078790052917e-01
4.475000000000000533e+00 9.658152083610356264e-01
4.500000000000000000e+00 9.669106898244361759e-01
4.525000000000001243e+00 9.689349195633246703e-01
4.549999999999999822e+00 9.719813996624406816e-01
4.575000000000001066e+00 9.767244445667095931e-01
4.600000000000000533e+00 9.805910177961387753e-01
4.625000000000000888e+00 9.850199587981007809e-01
4.650000000000000355e+00 9.890063886664771653e-01
4.675000000000000711e+00 9.916371084172499462e-01
4.700000000000000178e+00 9.954921310111367605e-01
4.725000000000000533e+00 9.996214448853789625e-01
4.750000000000000888e+00 1.003562297953461524e+00
4.775000000000001243e+00 1.007413522734645239e+00
4.800000000000000711e+00 1.012221362660767898e+00
4.825000000000001066e+00 1.016149958236717277e+00
4.850000000000000533e+00 1.020040055091029796e+00
4.875000000000000888e+00 1.022624459168325117e+00
4.900000000000000355e+00 1.025038434643531060e+00
4.925000000000001599e+00 1.026590046707687831e+00
4.950000000000000178e+00 1.027028726681060711e+00
4.975000000000001421e+00 1.027065135998422862e+00
5.000000000000000888e+00 1.027561591413013620e+00
