1.734723475976807094e-18 0.000000000000000000e+00
2.500000000000000486e-02 0.000000000000000000e+00
5.000000000000001665e-02 0.000000000000000000e+00
7.500000000000001110e-02 0.000000000000000000e+00
1.000000000000000333e-01 0.000000000000000000e+00
1.250000000000000000e-01 0.000000000000000000e+00
1.499999999999999944e-01 0.000000000000000000e+00
1.750000000000000167e-01 0.000000000000000000e+00
2.000000000000000389e-01 0.000000000000000000e+00
2.250000000000000611e-01 0.000000000000000000e+00
2.500000000000000000e-01 0.000000000000000000e+00
2.750000000000000222e-01 0.000000000000000000e+00
3.000000000000000444e-01 0.000000000000000000e+00
3.250000000000000111e-01 0.000000000000000000e+00
3.500000000000000333e-01 0.000000000000000000e+00
3.750000000000000555e-01 0.000000000000000000e+00
4.000000000000000777e-01 0.000000000000000000e+00
4.250000000000000999e-01 0.000000000000000000e+00
4.500000000000001221e-01 0.000000000000000000e+00
4.750000000000000888e-01 0.000000000000000000e+00
5.000000000000001110e-01 0.000000000000000000e+00
5.250000000000001332e-01 0.000000000000000000e+00
5.500000000000001554e-01 0.000000000000000000e+00
5.750000000000001776e-01 0.000000000000000000e+00
6.000000000000001998e-01 0.000000000000000000e+00
6.250000000000002220e-01 0.000000000000000000e+00
6.500000000000002442e-01 0.000000000000000000e+00
6.750000000000000444e-01 0.000000000000000000e+00
7.000000000000001776e-01 0.000000000000000000e+00
7.250000000000000888e-01 0.000000000000000000e+00
7.500000000000002220e-01 0.000000000000000000e+00
7.750000000000001332e-01 0.000000000000000000e+00
8.000000000000002665e-01 0.000000000000000000e+00
8.250000000000001776e-01 0.000000000000000000e+00
8.500000000000003109e-01 0.000000000000000000e+00
8.750000000000002220e-01 0.000000000000000000e+00
9.000000000000003553e-01 0.000000000000000000e+00
9.250000000000001554e-01 0.000000000000000000e+00
9.500000000000001776e-01 1.637387003419739362e-01
9.750000000000001998e-01 5.327523974483548974e-01
1.000000000000000222e+00 1.081699508228558093e+00
1.025000000000000355e+00 1.710653734675373627e+00
1.050000000000000266e+00 2.289117518549798280e+00
1.075000000000000178e+00 2.706960298477042670e+00
1.100000000000000311e+00 2.877558167333580830e+00
1.125000000000000222e+00 2.837050441032919146e+00
1.150000000000000133e+00 2.650050330815683530e+00
1.175000000000000266e+00 2.411183272383933485e+00
1.200000000000000400e+00 2.167759955468295807e+00
1.225000000000000311e+00 1.939860977228067940e+00
1.250000000000000222e+00 1.737308710711153115e+00
1.275000000000000355e+00 1.569662032165582977e+00
1.300000000000000488e+00 1.427707360931014247e+00
1.325000000000000400e+00 1.318867924235581413e+00
1.350000000000000311e+00 1.222220057687371408e+00
1.375000000000000444e+00 1.141558531532676835e+00
1.400000000000000133e+00 1.070347400580235364e+00
1.425000000000000266e+00 1.013463764201474993e+00
1.450000000000000178e+00 9.642269689236304675e-01
1.475000000000000311e+00 9.242106814458462827e-01
1.500000000000000222e+00 8.953694892981728382e-01
1.525000000000000355e+00 8.685460206284594253e-01
1.550000000000000266e+00 8.447015948696091625e-01
1.575000000000000400e+00 8.252685179918535230e-01
1.600000000000000311e+00 8.140588514862509006e-01
1.625000000000000444e+00 8.086669490367395241e-01
1.650000000000000355e+00 8.119910017299452054e-01
1.675000000000000488e+00 8.226466092747175551e-01
1.700000000000000400e+00 8.320666764350654887e-01
1.725000000000000533e+00 8.445862579132181747e-01
1.750000000000000444e+00 8.588074729882770875e-01
1.775000000000000577e+00 8.787273400859110239e-01
1.800000000000000266e+00 9.024311104927169591e-01
1.825000000000000400e+00 9.303975118373918329e-01
1.850000000000000311e+00 9.630606035337174742e-01
1.875000000000000222e+00 9.949078117115280895e-01
1.900000000000000355e+00 1.024197936385943031e+00
1.925000000000000488e+00 1.053848320924263060e+00
1.950000000000000400e+00 1.082237030084258311e+00
1.975000000000000311e+00 1.105957420376978195e+00
2.000000000000000000e+00 1.129572727705137281e+00
2.025000000000000355e+00 1.152568288180286338e+00
2.050000000000000266e+00 1.173754395327430533e+00
2.075000000000000178e+00 1.190714586817265053e+00
2.100000000000000533e+00 1.203185719350499117e+00
2.125000000000000444e+00 1.211941856504797244e+00
2.150000000000000355e+00 1.213494812796334976e+00
2.175000000000000266e+00 1.205596806506187502e+00
2.200000000000000178e+00 1.191296337371237524e+00
2.225000000000000089e+00 1.172878170420384336e+00
2.250000000000000000e+00 1.149965216524751366e+00
2.275000000000000355e+00 1.129979917631873665e+00
2.300000000000000266e+00 1.108909889132964510e+00
2.325000000000000178e+00 1.093131810635254109e+00
2.350000000000000089e+00 1.078000871280914819e+00
2.375000000000000444e+00 1.063482580277808953e+00
2.400000000000000355e+00 1.047561423470654507e+00
2.425000000000000266e+00 1.033900023694229953e+00
2.450000000000000178e+00 1.020868617032061776e+00
2.475000000000000533e+00 1.010805286970479555e+00
2.500000000000000888e+00 9.989283528416814661e-01
2.525000000000000355e+00 9.908708980464482341e-01
2.550000000000000711e+00 9.835938511879259716e-01
2.575000000000000178e+00 9.770834693299506046e-01
2.600000000000000533e+00 9.742992335914765212e-01
2.625000000000000000e+00 9.741118022760854034e-01
2.650000000000000799e+00 9.740467306885212118e-01
2.675000000000000266e+00 9.760460809174645869e-01
2.700000000000001066e+00 9.781854747099703040e-01
2.725000000000000533e+00 9.812834607342146853e-01
2.750000000000000888e+00 9.849936992358389043e-01
2.775000000000000355e+00 9.910757709463169363e-01
2.799999999999999822e+00 9.999787413093872424e-01
2.825000000000000178e+00 1.008015595713889878e+00
2.849999999999999645e+00 1.010976613831621407e+00
2.875000000000000444e+00 1.014924057064850116e+00
2.899999999999999911e+00 1.017109270450958558e+00
2.925000000000000711e+00 1.017821178591159281e+00
2.950000000000000178e+00 1.016721411835804334e+00
2.975000000000000533e+00 1.017989682142641072e+00
3.000000000000000000e+00 1.020151769195295266e+00
3.025000000000000355e+00 1.024086621165584132e+00
3.049999999999999822e+00 1.026107260919030262e+00
3.075000000000000622e+00 1.028098640438939393e+00
3.100000000000000089e+00 1.030055743640660104e+00
3.125000000000000888e+00 1.028598739132002171e+00
3.150000000000000355e+00 1.027281394014498916e+00
3.175000000000000711e+00 1.024644079623200588e+00
3.200000000000000178e+00 1.020167245755649654e+00
3.225000000000000533e+00 1.016003263987316219e+00
3.250000000000000000e+00 1.011670746131148491e+00
3.275000000000000799e+00 1.008462514787260789e+00
3.300000000000000266e+00 1.006120623859632301e+00
3.325000000000001066e+00 1.004618314666760437e+00
3.350000000000000533e+00 1.005933846667758758e+00
3.375000000000000888e+00 1.006699569790780346e+00
3.400000000000000355e+00 1.007115200934227683e+00
3.425000000000000711e+00 1.005961601320550347e+00
3.450000000000000178e+00 1.003832935070818166e+00
3.475000000000000977e+00 1.002105492309766310e+00
3.500000000000000444e+00 1.000759409604004890e+00
3.525000000000001243e+00 9.996222738758843152e-01
3.550000000000000711e+00 9.982629750032016025e-01
3.575000000000001066e+00 9.959269103501723341e-01
3.600000000000000533e+00 9.936845192266660076e-01
3.625000000000000000e+00 9.913077459539295644e-01
3.650000000000000355e+00 9.893315518374490303e-01
3.674999999999999822e+00 9.888803569528580306e-01
3.700000000000000622e+00 9.902442797283061982e-01
3.725000000000000089e+00 9.908639963044681975e-01
3.750000000000000888e+00 9.928181847142225624e-01
3.775000000000000355e+00 9.939611602731829310e-01
3.800000000000000711e+00 9.951522365416098914e-01
3.825000000000000178e+00 9.975174596828197959e-01
3.850000000000000533e+00 1.000261802818775747e+00
3.875000000000000000e+00 1.001885635372788741e+00
3.900000000000000799e+00 1.002533089742913663e+00
3.925000000000000266e+00 1.001604736560070652e+00
3.950000000000001066e+00 1.000703233259931713e+00
3.975000000000000533e+00 9.980360002814560039e-01
4.000000000000000888e+00 9.961753587476922522e-01
4.025000000000000355e+00 9.952701204242709876e-01
4.050000000000000711e+00 9.953096005745258879e-01
4.075000000000000178e+00 9.961152853981741773e-01
4.100000000000000533e+00 9.968388282930192856e-01
4.125000000000000888e+00 9.963506864663199680e-01
4.150000000000001243e+00 9.942334640208230212e-01
4.175000000000000711e+00 9.915911896849783913e-01
4.200000000000001066e+00 9.907008463761144412e-01
4.225000000000000533e+00 9.895774654107595270e-01
4.250000000000000888e+00 9.892086793943281053e-01
4.275000000000000355e+00 9.903122347796844416e-01
4.300000000000001599e+00 9.891447899496002005e-01
4.325000000000000178e+00 9.891103798546659887e-01
4.350000000000001421e+00 9.882028566398272096e-01
4.375000000000000888e+00 9.895664988726091682e-01
4.400000000000000355e+00 9.893075018720606240e-01
4.425000000000000711e+00 9.902479331325427792e-01
4.450000000000000178e+00 9.895327313085282572e-01
4.475000000000000533e+00 9.895977798622516142e-01
4.500000000000000000e+00 9.888237220611300060e-01
4.525000000000001243e+00 9.907077328207445355e-01
4.549999999999999822e+00 9.918586309807440049e-01
4.575000000000001066e+00 9.947573383733702146e-01
4.600000000000000533e+00 9.952652383177281736e-01
4.625000000000000888e+00 9.965413578595297972e-01
4.650000000000000355e+00 9.952651378592685116e-01
4.675000000000000711e+00 9.931562074135230622e-01
4.700000000000000178e+00 9.918997528373914019e-01
4.725000000000000533e+00 9.907206123128876607e-01
4.750000000000000888e+00 9.902279772550250936e-01
4.775000000000001243e+00 9.923671924216544982e-01
4.800000000000000711e+00 9.943457487004770945e-01
4.825000000000001066e+00 9.964767315736281494e-01
4.850000000000000533e+00 9.979053862816652520e-01
4.875000000000000888e+00 9.979946925048839290e-01
4.900000000000000355e+00 9.976501788299625417e-01
4.925000000000001599e+00 9.959071702571913320e-01
4.950000000000000178e+00 9.944770661508980369e-01
4.975000000000001421e+00 9.938263406493766938e-01
5.000000000000000888e+00 9.928933543081518431e-01
