1.734723475976807094e-18 0.000000000000000000e+00
2.500000000000000486e-02 0.000000000000000000e+00
5.000000000000001665e-02 0.000000000000000000e+00
7.500000000000001110e-02 0.000000000000000000e+00
1.000000000000000333e-01 0.000000000000000000e+00
1.250000000000000000e-01 0.000000000000000000e+00
1.499999999999999944e-01 0.000000000000000000e+00
1.750000000000000167e-01 0.000000000000000000e+00
2.000000000000000389e-01 0.000000000000000000e+00
2.250000000000000611e-01 0.000000000000000000e+00
2.500000000000000000e-01 0.000000000000000000e+00
2.750000000000000222e-01 0.000000000000000000e+00
3.000000000000000444e-01 0.000000000000000000e+00
3.250000000000000111e-01 0.000000000000000000e+00
3.500000000000000333e-01 0.000000000000000000e+00
3.750000000000000555e-01 0.000000000000000000e+00
4.000000000000000777e-01 0.000000000000000000e+00
4.250000000000000999e-01 0.000000000000000000e+00
4.500000000000001221e-01 0.000000000000000000e+00
4.750000000000000888e-01 0.000000000000000000e+00
5.000000000000001110e-01 0.000000000000000000e+00
5.250000000000001332e-01 0.000000000000000000e+00
5.500000000000001554e-01 0.000000000000000000e+00
5.750000000000001776e-01 0.000000000000000000e+00
6.000000000000001998e-01 0.000000000000000000e+00
6.250000000000002220e-01 0.000000000000000000e+00
6.500000000000002442e-01 0.000000000000000000e+00
6.750000000000000444e-01 0.000000000000000000e+00
7.000000000000001776e-01 0.000000000000000000e+00
7.250000000000000888e-01 0.000000000000000000e+00
7.500000000000002220e-01 0.000000000000000000e+00
7.750000000000001332e-01 0.000000000000000000e+00
8.000000000000002665e-01 0.000000000000000000e+00
8.250000000000001776e-01 0.000000000000000000e+00
8.500000000000003109e-01 0.000000000000000000e+00
8.750000000000002220e-01 0.000000000000000000e+00
9.000000000000003553e-01 4.274049336805463284e-02
9.250000000000001554e-01 1.881603863550696809e-01
9.500000000000001776e-01 4.380822398923507333e-01
9.750000000000001998e-01 7.703761838279435947e-01
1.000000000000000222e+00 1.132597848187525402e+00
1.025000000000000355e+00 1.464839386275551991e+00
1.050000000000000266e+00 1.709599611619312620e+00
1.075000000000000178e+00 1.849450088052024377e+00
1.100000000000000311e+00 1.887763087281593588e+00
1.125000000000000222e+00 1.851459613748086319e+00
1.150000000000000133e+00 1.784640882261271599e+00
1.175000000000000266e+00 1.700972007892388227e+00
1.200000000000000400e+00 1.606747032784861862e+00
1.225000000000000311e+00 1.520988495714060251e+00
1.250000000000000222e+00 1.440350358394845598e+00
1.275000000000000355e+00 1.372373389538647626e+00
1.300000000000000488e+00 1.305607460277384613e+00
1.325000000000000400e+00 1.244391625726769313e+00
1.350000000000000311e+00 1.195816762447755144e+00
1.375000000000000444e+00 1.151010783888079203e+00
1.400000000000000133e+00 1.104067804198406666e+00
1.425000000000000266e+00 1.062222956009001296e+00
1.450000000000000178e+00 1.027161827560319596e+00
1.475000000000000311e+00 9.964290090729717164e-01
1.500000000000000222e+00 9.718902612647952743e-01
1.525000000000000355e+00 9.506834301948245969e-01
1.550000000000000266e+00 9.341281889337265110e-01
1.575000000000000400e+00 9.205002345373368700e-01
1.600000000000000311e+00 9.066668996351890941e-01
1.625000000000000444e+00 8.920092769695712187e-01
1.650000000000000355e+00 8.823590682064212931e-01
1.675000000000000488e+00 8.709006828912594367e-01
1.700000000000000400e+00 8.700044994362023942e-01
1.725000000000000533e+00 8.689333164146213484e-01
1.750000000000000444e+00 8.717619894170723915e-01
1.775000000000000577e+00 8.767461913374561266e-01
1.800000000000000266e+00 8.840855647770066161e-01
1.825000000000000400e+00 8.893948485535827508e-01
1.850000000000000311e+00 8.951063525705720281e-01
1.875000000000000222e+00 9.059163486635460893e-01
1.900000000000000355e+00 9.229970382610193091e-01
1.925000000000000488e+00 9.401253418540638229e-01
1.950000000000000400e+00 9.582362055464593853e-01
1.975000000000000311e+00 9.737140926590550638e-01
2.000000000000000000e+00 9.895401771867639029e-01
2.025000000000000355e+00 1.001571649373217854e+00
2.050000000000000266e+00 1.014831898887323280e+00
2.075000000000000178e+00 1.027040047599976358e+00
2.100000000000000533e+00 1.036522499618054427e+00
2.125000000000000444e+00 1.047520413416378249e+00
2.150000000000000355e+00 1.054178963633475963e+00
2.175000000000000266e+00 1.056837233117252639e+00
2.200000000000000178e+00 1.059215748463970597e+00
2.225000000000000089e+00 1.060775248636444790e+00
2.250000000000000000e+00 1.062036337738479164e+00
2.275000000000000355e+00 1.058315013075955990e+00
2.300000000000000266e+00 1.056250659950969562e+00
2.325000000000000178e+00 1.052324244982634438e+00
2.350000000000000089e+00 1.048738943820298530e+00
2.375000000000000444e+00 1.043837339492526661e+00
2.400000000000000355e+00 1.039137349838533897e+00
2.425000000000000266e+00 1.035226142948853623e+00
2.450000000000000178e+00 1.030292114326103237e+00
2.475000000000000533e+00 1.026391953174958571e+00
2.500000000000000888e+00 1.023610183826565878e+00
2.525000000000000355e+00 1.017991234226389263e+00
2.550000000000000711e+00 1.014051869314301468e+00
2.575000000000000178e+00 1.008417130851937182e+00
2.600000000000000533e+00 1.003057971298564777e+00
2.625000000000000000e+00 9.974718938032954840e-01
2.650000000000000799e+00 9.936516516221420847e-01
2.675000000000000266e+00 9.919212177532963359e-01
2.700000000000001066e+00 9.912075186877282729e-01
2.725000000000000533e+00 9.913869803221926347e-01
2.750000000000000888e+00 9.908691581779990321e-01
2.775000000000000355e+00 9.904718710015613103e-01
2.799999999999999822e+00 9.898982808568101976e-01
2.825000000000000178e+00 9.887895289787768105e-01
2.849999999999999645e+00 9.883774999257970428e-01
2.875000000000000444e+00 9.875981349873415027e-01
2.899999999999999911e+00 9.849300017989192080e-01
2.925000000000000711e+00 9.840227470721872871e-01
2.950000000000000178e+00 9.835261265099175532e-01
2.975000000000000533e+00 9.841746820931653872e-01
3.000000000000000000e+00 9.846770323398152946e-01
3.025000000000000355e+00 9.862411596972220362e-01
3.049999999999999822e+00 9.875420865977770912e-01
3.075000000000000622e+00 9.890012721834801068e-01
3.100000000000000089e+00 9.883398382372882152e-01
3.125000000000000888e+00 9.890263440619276869e-01
3.150000000000000355e+00 9.903441905053218530e-01
3.175000000000000711e+00 9.929074460639889521e-01
3.200000000000000178e+00 9.952020656372294605e-01
3.225000000000000533e+00 9.982495961739835666e-01
3.250000000000000000e+00 1.002095011716895856e+00
3.275000000000000799e+00 1.005541746256756852e+00
3.300000000000000266e+00 1.007246030131778491e+00
3.325000000000001066e+00 1.008182994723382020e+00
3.350000000000000533e+00 1.009550199177354557e+00
3.375000000000000888e+00 1.007793985329367148e+00
3.400000000000000355e+00 1.008179335323049264e+00
3.425000000000000711e+00 1.007895269680531225e+00
3.450000000000000178e+00 1.008886932158220562e+00
3.475000000000000977e+00 1.008809044208445416e+00
3.500000000000000444e+00 1.008622779506092693e+00
3.525000000000001243e+00 1.009416028019766820e+00
3.550000000000000711e+00 1.010764469272769528e+00
3.575000000000001066e+00 1.009565438745797072e+00
3.600000000000000533e+00 1.011187449440323460e+00
3.625000000000000000e+00 1.011324503007287934e+00
3.650000000000000355e+00 1.010472236453728856e+00
3.674999999999999822e+00 1.008626958121502160e+00
3.700000000000000622e+00 1.007264037538928347e+00
3.725000000000000089e+00 1.006647278514091415e+00
3.750000000000000888e+00 1.004919288725520277e+00
3.775000000000000355e+00 1.002510876239676607e+00
3.800000000000000711e+00 1.002204110984457275e+00
3.825000000000000178e+00 1.002278091323048681e+00
3.850000000000000533e+00 1.000814694325382170e+00
3.875000000000000000e+00 1.001236415392153356e+00
3.900000000000000799e+00 1.000886780951370181e+00
3.925000000000000266e+00 9.999229649802594544e-01
3.950000000000001066e+00 9.974191339891138597e-01
3.975000000000000533e+00 9.940588533904639590e-01
4.000000000000000888e+00 9.933573056429928494e-01
4.025000000000000355e+00 9.927153548271214767e-01
4.050000000000000711e+00 9.915729080026606246e-01
4.075000000000000178e+00 9.927914196053548856e-01
4.100000000000000533e+00 9.932199543457459479e-01
4.125000000000000888e+00 9.937610738841575753e-01
4.150000000000001243e+00 9.941923061097776015e-01
4.175000000000000711e+00 9.942322373783261114e-01
4.200000000000001066e+00 9.961256266137548110e-01
4.225000000000000533e+00 9.960816197256959770e-01
4.250000000000000888e+00 9.956844151891833805e-01
4.275000000000000355e+00 9.950829208007749838e-01
4.300000000000001599e+00 9.940840290412504832e-01
4.325000000000000178e+00 9.949246086269787348e-01
4.350000000000001421e+00 9.956423256227022733e-01
4.375000000000000888e+00 9.962837424949666509e-01
4.400000000000000355e+00 9.976916770252282074e-01
4.425000000000000711e+00 9.985579943923760249e-01
4.450000000000000178e+00 9.988233646740463101e-01
4.475000000000000533e+00 9.978161704608874416e-01
4.500000000000000000e+00 9.984150495316953533e-01
4.525000000000001243e+00 1.000935012478937347e+00
4.549999999999999822e+00 1.002640267765206206e+00
4.575000000000001066e+00 1.004513381365014446e+00
4.600000000000000533e+00 1.006540593639529302e+00
4.625000000000000888e+00 1.007612112791592462e+00
4.650000000000000355e+00 1.006406469726528252e+00
4.675000000000000711e+00 1.005698346983397995e+00
4.700000000000000178e+00 1.006012896708242232e+00
4.725000000000000533e+00 1.005661035526850489e+00
4.750000000000000888e+00 1.004643115882156490e+00
4.775000000000001243e+00 1.004491534207815118e+00
4.800000000000000711e+00 1.004486958501695781e+00
4.825000000000001066e+00 1.003650240153004969e+00
4.850000000000000533e+00 1.002232504043069516e+00
4.875000000000000888e+00 1.002157001079961196e+00
4.900000000000000355e+00 1.000648144809368034e+00
4.925000000000001599e+00 9.989350234090961234e-01
4.950000000000000178e+00 9.989981652036166171e-01
4.975000000000001421e+00 1.000279762346436341e+00
5.000000000000000888e+00 1.002228436466576555e+00
