1.734723475976807094e-18 0.000000000000000000e+00
2.500000000000000486e-02 0.000000000000000000e+00
5.000000000000001665e-02 0.000000000000000000e+00
7.500000000000001110e-02 0.000000000000000000e+00
1.000000000000000333e-01 0.000000000000000000e+00
1.250000000000000000e-01 0.000000000000000000e+00
1.499999999999999944e-01 0.000000000000000000e+00
1.750000000000000167e-01 0.000000000000000000e+00
2.000000000000000389e-01 0.000000000000000000e+00
2.250000000000000611e-01 0.000000000000000000e+00
2.500000000000000000e-01 0.000000000000000000e+00
2.750000000000000222e-01 0.000000000000000000e+00
3.000000000000000444e-01 0.000000000000000000e+00
3.250000000000000111e-01 0.000000000000000000e+00
3.500000000000000333e-01 0.000000000000000000e+00
3.750000000000000555e-01 0.000000000000000000e+00
4.000000000000000777e-01 0.000000000000000000e+00
4.250000000000000999e-01 0.000000000000000000e+00
4.500000000000001221e-01 2.800370771666094627e-05
4.750000000000000888e-01 4.284936671741525996e-05
5.000000000000001110e-01 1.314549424740714477e-04
5.250000000000001332e-01 1.534520667548486587e-04
5.500000000000001554e-01 2.183365285482387233e-04
5.750000000000001776e-01 2.322547944355343816e-04
6.000000000000001998e-01 9.957828188983706237e-05
6.250000000000002220e-01 3.706144877835241430e-05
6.500000000000002442e-01 3.253319148380909081e-04
6.750000000000000444e-01 3.665387529049350321e-04
7.000000000000001776e-01 5.888067032408304639e-04
7.250000000000000888e-01 9.783449101990174170e-04
7.500000000000002220e-01 1.331758670791252349e-03
7.750000000000001332e-01 1.465227751990304163e-03
8.000000000000002665e-01 1.564239417911741708e-03
8.250000000000001776e-01 2.088734000309614824e-03
8.500000000000003109e-01 3.576685617285660541e-03
8.750000000000002220e-01 7.124258614999039174e-03
9.000000000000003553e-01 1.149617873206280373e-02
9.250000000000001554e-01 1.973752770303794160e-02
9.500000000000001776e-01 4.828428554479199941e-02
9.750000000000001998e-01 9.192066330901904614e-02
1.000000000000000222e+00 1.317580018856361335e-01
1.025000000000000355e+00 1.755168942819917421e-01
1.050000000000000266e+00 2.458102193218114628e-01
1.075000000000000178e+00 3.526087548720562848e-01
1.100000000000000311e+00 4.965794791352913240e-01
1.125000000000000222e+00 6.792751061686813641e-01
1.150000000000000133e+00 9.169903554583699323e-01
1.175000000000000266e+00 1.165483719756736924e+00
1.200000000000000400e+00 1.395824895465323401e+00
1.225000000000000311e+00 1.602205967488945948e+00
1.250000000000000222e+00 1.777176563402395715e+00
1.275000000000000355e+00 1.900345336921569706e+00
1.300000000000000488e+00 1.967295098607083625e+00
1.325000000000000400e+00 1.982900587181142926e+00
1.350000000000000311e+00 1.961444162132932378e+00
1.375000000000000444e+00 1.913458115700300777e+00
1.400000000000000133e+00 1.853147116723772747e+00
1.425000000000000266e+00 1.779787904289775957e+00
1.450000000000000178e+00 1.699234938947214335e+00
1.475000000000000311e+00 1.611668477883942741e+00
1.500000000000000222e+00 1.520422607270534909e+00
1.525000000000000355e+00 1.426758820359625313e+00
1.550000000000000266e+00 1.335464599332500280e+00
1.575000000000000400e+00 1.258129363926842714e+00
1.600000000000000311e+00 1.181435532159669011e+00
1.625000000000000444e+00 1.100578126229765807e+00
1.650000000000000355e+00 1.028767791263611064e+00
1.675000000000000488e+00 9.659743922325071397e-01
1.700000000000000400e+00 9.085809538506655070e-01
1.725000000000000533e+00 8.556844766466256136e-01
1.750000000000000444e+00 8.129338416103134568e-01
1.775000000000000577e+00 7.786442414109254750e-01
1.800000000000000266e+00 7.501813867989228779e-01
1.825000000000000400e+00 7.252969245932765485e-01
1.850000000000000311e+00 7.073138116320419888e-01
1.875000000000000222e+00 6.964459266567853968e-01
1.900000000000000355e+00 6.883609504083839647e-01
1.925000000000000488e+00 6.819173722968557838e-01
1.950000000000000400e+00 6.777403659027017024e-01
1.975000000000000311e+00 6.798858893220018906e-01
2.000000000000000000e+00 6.858791588520036786e-01
2.025000000000000355e+00 6.957147898351981885e-01
2.050000000000000266e+00 7.098236432659609241e-01
2.075000000000000178e+00 7.310603205508625635e-01
2.100000000000000533e+00 7.575916561735680510e-01
2.125000000000000444e+00 7.842036133431606881e-01
2.150000000000000355e+00 8.135390885108666481e-01
2.175000000000000266e+00 8.441832602400392016e-01
2.200000000000000178e+00 8.757468609145402372e-01
2.225000000000000089e+00 9.088273240990641932e-01
2.250000000000000000e+00 9.426445605358371171e-01
2.275000000000000355e+00 9.790926600946289193e-01
2.300000000000000266e+00 1.015839414292321941e+00
2.325000000000000178e+00 1.047004916754237458e+00
2.350000000000000089e+00 1.078161012948016584e+00
2.375000000000000444e+00 1.105726457639399252e+00
2.400000000000000355e+00 1.128996932735314651e+00
2.425000000000000266e+00 1.150983198938149155e+00
2.450000000000000178e+00 1.169208753078523788e+00
2.475000000000000533e+00 1.180131929499383281e+00
2.500000000000000888e+00 1.188094332093635686e+00
2.525000000000000355e+00 1.190705676177977734e+00
2.550000000000000711e+00 1.189833409310273371e+00
2.575000000000000178e+00 1.186571258668910778e+00
2.600000000000000533e+00 1.178952170177626213e+00
2.625000000000000000e+00 1.174721152400346025e+00
2.650000000000000799e+00 1.164851423638927130e+00
2.675000000000000266e+00 1.150127562322733832e+00
2.700000000000001066e+00 1.137238745943917051e+00
2.725000000000000533e+00 1.120796440823139895e+00
2.750000000000000888e+00 1.103033804475956448e+00
2.775000000000000355e+00 1.083805927620209442e+00
2.799999999999999822e+00 1.063485694078852184e+00
2.825000000000000178e+00 1.044340748332328817e+00
2.849999999999999645e+00 1.024739234529565834e+00
2.875000000000000444e+00 1.004734261176073229e+00
2.899999999999999911e+00 9.860874910119216130e-01
2.925000000000000711e+00 9.684183366640914947e-01
2.950000000000000178e+00 9.516754357075011272e-01
2.975000000000000533e+00 9.358718429722153731e-01
3.000000000000000000e+00 9.220302949308868401e-01
3.025000000000000355e+00 9.110838368969829126e-01
3.049999999999999822e+00 9.037688279314468609e-01
3.075000000000000622e+00 8.975133731940565518e-01
3.100000000000000089e+00 8.947713094311184889e-01
3.125000000000000888e+00 8.948556571625831957e-01
3.150000000000000355e+00 8.945985187182059484e-01
3.175000000000000711e+00 8.959253327963885294e-01
3.200000000000000178e+00 8.983036742797726459e-01
3.225000000000000533e+00 9.023860095452483909e-01
3.250000000000000000e+00 9.060608638418859995e-01
3.275000000000000799e+00 9.136837349544110198e-01
3.300000000000000266e+00 9.239079384023495267e-01
3.325000000000001066e+00 9.343054439015004986e-01
3.350000000000000533e+00 9.465301324766967062e-01
3.375000000000000888e+00 9.584962800355275592e-01
3.400000000000000355e+00 9.700536843783729157e-01
3.425000000000000711e+00 9.809665973551124907e-01
3.450000000000000178e+00 9.901344438465500275e-01
3.475000000000000977e+00 1.001204129414399402e+00
3.500000000000000444e+00 1.011394932520884193e+00
3.525000000000001243e+00 1.019291799813234478e+00
3.550000000000000711e+00 1.028797966568291145e+00
3.575000000000001066e+00 1.037221643145812777e+00
3.600000000000000533e+00 1.045952596350968156e+00
3.625000000000000000e+00 1.052954982558945041e+00
3.650000000000000355e+00 1.058485922890153308e+00
3.674999999999999822e+00 1.063099612179360332e+00
3.700000000000000622e+00 1.066448289590443466e+00
3.725000000000000089e+00 1.067436302030170703e+00
3.750000000000000888e+00 1.067199945515470150e+00
3.775000000000000355e+00 1.066190988837852460e+00
3.800000000000000711e+00 1.064867338820062015e+00
3.825000000000000178e+00 1.061956242519762172e+00
3.850000000000000533e+00 1.058530293023192570e+00
3.875000000000000000e+00 1.053906764342815716e+00
3.900000000000000799e+00 1.048401601582329423e+00
3.925000000000000266e+00 1.041134912285518910e+00
3.950000000000001066e+00 1.033218558558216982e+00
3.975000000000000533e+00 1.024521973276824260e+00
4.000000000000000888e+00 1.016471244399435481e+00
4.025000000000000355e+00 1.009125788222962061e+00
4.050000000000000711e+00 1.003350458859581851e+00
4.075000000000000178e+00 9.965277257752852558e-01
4.100000000000000533e+00 9.903998224838593822e-01
4.125000000000000888e+00 9.858182139913088671e-01
4.150000000000001243e+00 9.809133910010350288e-01
4.175000000000000711e+00 9.752893863957837750e-01
4.200000000000001066e+00 9.702355348377896815e-01
4.225000000000000533e+00 9.662712559052039074e-01
4.250000000000000888e+00 9.625493888734966141e-01
4.275000000000000355e+00 9.595516689813722300e-01
4.300000000000001599e+00 9.587730375989111931e-01
4.325000000000000178e+00 9.592947484608688180e-01
4.350000000000001421e+00 9.603144103328025150e-01
4.375000000000000888e+00 9.623659000251706397e-01
4.400000000000000355e+00 9.640595582097973848e-01
4.425000000000000711e+00 9.662459535279077638e-01
4.450000000000000178e+00 9.688869729981859358e-01
4.475000000000000533e+00 9.727618752190090312e-01
4.500000000000000000e+00 9.763760743995425484e-01
4.525000000000001243e+00 9.800827383669336035e-01
4.549999999999999822e+00 9.840746312131707363e-01
4.575000000000001066e+00 9.875748320479820208e-01
4.600000000000000533e+00 9.913163254490086063e-01
4.625000000000000888e+00 9.949552091763835815e-01
4.650000000000000355e+00 9.982729671915824277e-01
4.675000000000000711e+00 1.003021444281256835e+00
4.700000000000000178e+00 1.007523207097148932e+00
4.725000000000000533e+00 1.012016307564894024e+00
4.750000000000000888e+00 1.017244859327022244e+00
4.775000000000001243e+00 1.020446025596251083e+00
4.800000000000000711e+00 1.024029920692324458e+00
4.825000000000001066e+00 1.025951300483415096e+00
4.850000000000000533e+00 1.025729519375326193e+00
4.875000000000000888e+00 1.027144505784562289e+00
4.900000000000000355e+00 1.027135280354321667e+00
4.925000000000001599e+00 1.025943971475818062e+00
4.950000000000000178e+00 1.025125808496170077e+00
4.975000000000001421e+00 1.024448131084672919e+00
5.000000000000000888e+00 1.024277758941360084e+00
