1.734723475976807094e-18 0.000000000000000000e+00
2.500000000000000486e-02 0.000000000000000000e+00
5.000000000000001665e-02 0.000000000000000000e+00
7.500000000000001110e-02 0.000000000000000000e+00
1.000000000000000333e-01 0.000000000000000000e+00
1.250000000000000000e-01 0.000000000000000000e+00
1.499999999999999944e-01 0.000000000000000000e+00
1.750000000000000167e-01 0.000000000000000000e+00
2.000000000000000389e-01 0.000000000000000000e+00
2.250000000000000611e-01 0.000000000000000000e+00
2.500000000000000000e-01 0.000000000000000000e+00
2.750000000000000222e-01 0.000000000000000000e+00
3.000000000000000444e-01 0.000000000000000000e+00
3.250000000000000111e-01 0.000000000000000000e+00
3.500000000000000333e-01 0.000000000000000000e+00
3.750000000000000555e-01 0.000000000000000000e+00
4.000000000000000777e-01 0.000000000000000000e+00
4.250000000000000999e-01 0.000000000000000000e+00
4.500000000000001221e-01 0.000000000000000000e+00
4.750000000000000888e-01 0.000000000000000000e+00
5.000000000000001110e-01 9.467192885376229938e-05
5.250000000000001332e-01 1.042018901104215412e-04
5.500000000000001554e-01 2.103392040045620835e-04
5.750000000000001776e-01 3.010883781244305039e-04
6.000000000000001998e-01 3.119732272626833387e-04
6.250000000000002220e-01 3.137026464603991679e-04
6.500000000000002442e-01 2.185823365969509838e-04
6.750000000000000444e-01 5.175558936736378594e-04
7.000000000000001776e-01 7.806843341838593181e-04
7.250000000000000888e-01 1.126924247196877619e-03
7.500000000000002220e-01 1.903776322022839203e-03
7.750000000000001332e-01 3.566515624603563452e-03
8.000000000000002665e-01 6.152703957766366902e-03
8.250000000000001776e-01 1.047180175709263791e-02
8.500000000000003109e-01 1.678508694304776255e-02
8.750000000000002220e-01 2.324806237780977641e-02
9.000000000000003553e-01 3.525594651542456048e-02
9.250000000000001554e-01 5.624212053638269482e-02
9.500000000000001776e-01 1.047280989405550422e-01
9.750000000000001998e-01 1.724280846160312353e-01
1.000000000000000222e+00 2.369572679412892957e-01
1.025000000000000355e+00 3.065402026410281588e-01
1.050000000000000266e+00 3.949892342332019246e-01
1.075000000000000178e+00 5.014198109170510120e-01
1.100000000000000311e+00 6.417316773842338673e-01
1.125000000000000222e+00 8.109443823506794491e-01
1.150000000000000133e+00 1.015809587614056486e+00
1.175000000000000266e+00 1.224640452640702204e+00
1.200000000000000400e+00 1.413590002123967793e+00
1.225000000000000311e+00 1.578976867881873858e+00
1.250000000000000222e+00 1.707510880872100234e+00
1.275000000000000355e+00 1.789879590708957524e+00
1.300000000000000488e+00 1.838800402061463446e+00
1.325000000000000400e+00 1.846176746311618544e+00
1.350000000000000311e+00 1.822223861909654019e+00
1.375000000000000444e+00 1.777520763540345827e+00
1.400000000000000133e+00 1.728423013397478281e+00
1.425000000000000266e+00 1.671397052560420926e+00
1.450000000000000178e+00 1.597652034347617489e+00
1.475000000000000311e+00 1.520831075348458405e+00
1.500000000000000222e+00 1.444248533556303116e+00
1.525000000000000355e+00 1.365821433655157735e+00
1.550000000000000266e+00 1.290548052142376667e+00
1.575000000000000400e+00 1.221125492458409401e+00
1.600000000000000311e+00 1.156437374646840377e+00
1.625000000000000444e+00 1.093573013527503690e+00
1.650000000000000355e+00 1.028522903834134583e+00
1.675000000000000488e+00 9.757238385170344808e-01
1.700000000000000400e+00 9.241567549528607595e-01
1.725000000000000533e+00 8.782875361421335070e-01
1.750000000000000444e+00 8.392173633730518612e-01
1.775000000000000577e+00 8.088752443247553270e-01
1.800000000000000266e+00 7.859373503204893918e-01
1.825000000000000400e+00 7.652462798777908137e-01
1.850000000000000311e+00 7.478405637907256098e-01
1.875000000000000222e+00 7.393738958608921941e-01
1.900000000000000355e+00 7.294010850329626372e-01
1.925000000000000488e+00 7.237724364557470702e-01
1.950000000000000400e+00 7.199484874888427699e-01
1.975000000000000311e+00 7.248003784752706791e-01
2.000000000000000000e+00 7.346068636199656332e-01
2.025000000000000355e+00 7.451908765720627326e-01
2.050000000000000266e+00 7.585627796622175234e-01
2.075000000000000178e+00 7.758345478002016682e-01
2.100000000000000533e+00 7.954458310701432167e-01
2.125000000000000444e+00 8.181287876633421829e-01
2.150000000000000355e+00 8.415915380997273099e-01
2.175000000000000266e+00 8.683563258526605377e-01
2.200000000000000178e+00 8.936644614802292663e-01
2.225000000000000089e+00 9.215426610035188926e-01
2.250000000000000000e+00 9.493456354440875655e-01
2.275000000000000355e+00 9.808927632404502717e-01
2.300000000000000266e+00 1.011735588916681250e+00
2.325000000000000178e+00 1.039340290598602445e+00
2.350000000000000089e+00 1.065225402149046152e+00
2.375000000000000444e+00 1.088939013803063904e+00
2.400000000000000355e+00 1.107859936370669596e+00
2.425000000000000266e+00 1.125477394820857180e+00
2.450000000000000178e+00 1.139496485958353844e+00
2.475000000000000533e+00 1.152185093339215483e+00
2.500000000000000888e+00 1.157458593567928240e+00
2.525000000000000355e+00 1.159686795179441621e+00
2.550000000000000711e+00 1.160482735289614320e+00
2.575000000000000178e+00 1.157592361048555452e+00
2.600000000000000533e+00 1.153926731522682880e+00
2.625000000000000000e+00 1.146558743432658511e+00
2.650000000000000799e+00 1.137926001376705853e+00
2.675000000000000266e+00 1.126702116285181798e+00
2.700000000000001066e+00 1.110253713267556286e+00
2.725000000000000533e+00 1.096037912058835495e+00
2.750000000000000888e+00 1.080358474769398391e+00
2.775000000000000355e+00 1.063956639803341098e+00
2.799999999999999822e+00 1.048908299140636657e+00
2.825000000000000178e+00 1.033038840368772027e+00
2.849999999999999645e+00 1.019074888518004540e+00
2.875000000000000444e+00 1.004372502403904299e+00
2.899999999999999911e+00 9.867130000393292688e-01
2.925000000000000711e+00 9.730198303826046446e-01
2.950000000000000178e+00 9.595375357096558311e-01
2.975000000000000533e+00 9.482274107301895683e-01
3.000000000000000000e+00 9.367382872076917000e-01
3.025000000000000355e+00 9.291000038461048049e-01
3.049999999999999822e+00 9.232887374035795292e-01
3.075000000000000622e+00 9.190917139231893351e-01
3.100000000000000089e+00 9.154710338231484279e-01
3.125000000000000888e+00 9.141074619828579717e-01
3.150000000000000355e+00 9.134787334230104472e-01
3.175000000000000711e+00 9.142877842766501395e-01
3.200000000000000178e+00 9.181168399924217738e-01
3.225000000000000533e+00 9.225844549821782259e-01
3.250000000000000000e+00 9.291148084492193426e-01
3.275000000000000799e+00 9.363264268496809262e-01
3.300000000000000266e+00 9.441877820312249980e-01
3.325000000000001066e+00 9.522066378885520876e-01
3.350000000000000533e+00 9.605009871084132511e-01
3.375000000000000888e+00 9.673520629658172165e-01
3.400000000000000355e+00 9.764311214220422475e-01
3.425000000000000711e+00 9.843747158669756692e-01
3.450000000000000178e+00 9.916067951217999443e-01
3.475000000000000977e+00 9.993196011565246284e-01
3.500000000000000444e+00 1.006579801595607337e+00
3.525000000000001243e+00 1.015494813533141860e+00
3.550000000000000711e+00 1.022698428357773137e+00
3.575000000000001066e+00 1.029626894943445281e+00
3.600000000000000533e+00 1.037184445316080561e+00
3.625000000000000000e+00 1.043542514703854618e+00
3.650000000000000355e+00 1.047155777832490919e+00
3.674999999999999822e+00 1.051310065185249609e+00
3.700000000000000622e+00 1.053718927392691684e+00
3.725000000000000089e+00 1.054884337893635671e+00
3.750000000000000888e+00 1.054575972584717691e+00
3.775000000000000355e+00 1.054308380267342082e+00
3.800000000000000711e+00 1.051015693574662180e+00
3.825000000000000178e+00 1.047074950100230772e+00
3.850000000000000533e+00 1.042338359925498725e+00
3.875000000000000000e+00 1.037587980652571407e+00
3.900000000000000799e+00 1.032740342267807643e+00
3.925000000000000266e+00 1.027899243102747606e+00
3.950000000000001066e+00 1.024727588361640018e+00
3.975000000000000533e+00 1.020077738722769078e+00
4.000000000000000888e+00 1.015577406247274883e+00
4.025000000000000355e+00 1.010652274904261461e+00
4.050000000000000711e+00 1.004918271060405655e+00
4.075000000000000178e+00 9.995711720608950746e-01
4.100000000000000533e+00 9.942698345091902645e-01
4.125000000000000888e+00 9.876231285929348847e-01
4.150000000000001243e+00 9.834089220910539053e-01
4.175000000000000711e+00 9.789946066348621523e-01
4.200000000000001066e+00 9.766316027448206372e-01
4.225000000000000533e+00 9.734103049545277386e-01
4.250000000000000888e+00 9.714991089391645795e-01
4.275000000000000355e+00 9.708866920068414119e-01
4.300000000000001599e+00 9.706172224564206807e-01
4.325000000000000178e+00 9.685565682426120482e-01
4.350000000000001421e+00 9.693827185081451692e-01
4.375000000000000888e+00 9.695217676983396426e-01
4.400000000000000355e+00 9.711339852294174069e-01
4.425000000000000711e+00 9.729745166341781104e-01
4.450000000000000178e+00 9.743484957990549145e-01
4.475000000000000533e+00 9.769489128019109847e-01
4.500000000000000000e+00 9.800104766413372248e-01
4.525000000000001243e+00 9.821280505028361363e-01
4.549999999999999822e+00 9.855702442116790474e-01
4.575000000000001066e+00 9.898162485473563921e-01
4.600000000000000533e+00 9.950751834950591901e-01
4.625000000000000888e+00 9.991911839255300798e-01
4.650000000000000355e+00 1.001307857754411890e+00
4.675000000000000711e+00 1.004692021381575762e+00
4.700000000000000178e+00 1.008173050557257699e+00
4.725000000000000533e+00 1.011040739329923888e+00
4.750000000000000888e+00 1.014681905971629661e+00
4.775000000000001243e+00 1.017971504923590897e+00
4.800000000000000711e+00 1.020051121900796831e+00
4.825000000000001066e+00 1.020390799242341107e+00
4.850000000000000533e+00 1.021202999509723375e+00
4.875000000000000888e+00 1.021121899068970773e+00
4.900000000000000355e+00 1.021201387515431991e+00
4.925000000000001599e+00 1.020776601482330737e+00
4.950000000000000178e+00 1.020789102133250914e+00
4.975000000000001421e+00 1.019190069913092023e+00
5.000000000000000888e+00 1.019254489101365735e+00
