1.734723475976807094e-18 0.000000000000000000e+00
2.500000000000000486e-02 0.000000000000000000e+00
5.000000000000001665e-02 0.000000000000000000e+00
7.500000000000001110e-02 0.000000000000000000e+00
1.000000000000000333e-01 0.000000000000000000e+00
1.250000000000000000e-01 0.000000000000000000e+00
1.499999999999999944e-01 0.000000000000000000e+00
1.750000000000000167e-01 0.000000000000000000e+00
2.000000000000000389e-01 0.000000000000000000e+00
2.250000000000000611e-01 0.000000000000000000e+00
2.500000000000000000e-01 0.000000000000000000e+00
2.750000000000000222e-01 0.000000000000000000e+00
3.000000000000000444e-01 0.000000000000000000e+00
3.250000000000000111e-01 0.000000000000000000e+00
3.500000000000000333e-01 0.000000000000000000e+00
3.750000000000000555e-01 0.000000000000000000e+00
4.000000000000000777e-01 0.000000000000000000e+00
4.250000000000000999e-01 0.000000000000000000e+00
4.500000000000001221e-01 0.000000000000000000e+00
4.750000000000000888e-01 0.000000000000000000e+00
5.000000000000001110e-01 0.000000000000000000e+00
5.250000000000001332e-01 0.000000000000000000e+00
5.500000000000001554e-01 0.000000000000000000e+00
5.750000000000001776e-01 0.000000000000000000e+00
6.000000000000001998e-01 0.000000000000000000e+00
6.250000000000002220e-01 0.000000000000000000e+00
6.500000000000002442e-01 0.000000000000000000e+00
6.750000000000000444e-01 0.000000000000000000e+00
7.000000000000001776e-01 0.000000000000000000e+00
7.250000000000000888e-01 0.000000000000000000e+00
7.500000000000002220e-01 0.000000000000000000e+00
7.750000000000001332e-01 0.000000000000000000e+00
8.000000000000002665e-01 0.000000000000000000e+00
8.250000000000001776e-01 0.000000000000000000e+00
8.500000000000003109e-01 0.000000000000000000e+00
8.750000000000002220e-01 0.000000000000000000e+00
9.000000000000003553e-01 0.000000000000000000e+00
9.250000000000001554e-01 1.533323383521092119e-03
9.500000000000001776e-01 9.484524717182342413e-03
9.750000000000001998e-01 2.084229678513254899e-02
1.000000000000000222e+00 2.514834182555854974e-02
1.025000000000000355e+00 2.194681294616980527e-02
1.050000000000000266e+00 1.965149098112499437e-02
1.075000000000000178e+00 3.094116300730222896e-02
1.100000000000000311e+00 6.823680863976711031e-02
1.125000000000000222e+00 1.581160779645752745e-01
1.150000000000000133e+00 3.318262810308961752e-01
1.175000000000000266e+00 5.867931920319465755e-01
1.200000000000000400e+00 9.088204053796080650e-01
1.225000000000000311e+00 1.291002971247079190e+00
1.250000000000000222e+00 1.675555961451097975e+00
1.275000000000000355e+00 2.006641618755589107e+00
1.300000000000000488e+00 2.258596791534409842e+00
1.325000000000000400e+00 2.405051495907696957e+00
1.350000000000000311e+00 2.461474372988421422e+00
1.375000000000000444e+00 2.457139805773925545e+00
1.400000000000000133e+00 2.416442202667332229e+00
1.425000000000000266e+00 2.334800072138525362e+00
1.450000000000000178e+00 2.207840980684257826e+00
1.475000000000000311e+00 2.053291089984363271e+00
1.500000000000000222e+00 1.890267698303133681e+00
1.525000000000000355e+00 1.711941596173462532e+00
1.550000000000000266e+00 1.542924672364101246e+00
1.575000000000000400e+00 1.404754172529547818e+00
1.600000000000000311e+00 1.281941637599236072e+00
1.625000000000000444e+00 1.148611949047913861e+00
1.650000000000000355e+00 1.027465848352512534e+00
1.675000000000000488e+00 9.266503177227318755e-01
1.700000000000000400e+00 8.410194087033782129e-01
1.725000000000000533e+00 7.692688609197385619e-01
1.750000000000000444e+00 7.110335147843900305e-01
1.775000000000000577e+00 6.620820477846685037e-01
1.800000000000000266e+00 6.205771932190581319e-01
1.825000000000000400e+00 5.854846144690131204e-01
1.850000000000000311e+00 5.604550312633822529e-01
1.875000000000000222e+00 5.455366414866937852e-01
1.900000000000000355e+00 5.365764119671285748e-01
1.925000000000000488e+00 5.324040051810989826e-01
1.950000000000000400e+00 5.315891612800895949e-01
1.975000000000000311e+00 5.364703712101981381e-01
2.000000000000000000e+00 5.470393924483354375e-01
2.025000000000000355e+00 5.628074329830712319e-01
2.050000000000000266e+00 5.824111186399489881e-01
2.075000000000000178e+00 6.080479468620100247e-01
2.100000000000000533e+00 6.371226731020867007e-01
2.125000000000000444e+00 6.712309014876962632e-01
2.150000000000000355e+00 7.058352855977776397e-01
2.175000000000000266e+00 7.421910401185841666e-01
2.200000000000000178e+00 7.814082690278933985e-01
2.225000000000000089e+00 8.219840597187068054e-01
2.250000000000000000e+00 8.639446312869809574e-01
2.275000000000000355e+00 9.094798539384104652e-01
2.300000000000000266e+00 9.575458338246718437e-01
2.325000000000000178e+00 1.005074070140237419e+00
2.350000000000000089e+00 1.050801560419407865e+00
2.375000000000000444e+00 1.099146055168183977e+00
2.400000000000000355e+00 1.146519272945924373e+00
2.425000000000000266e+00 1.190390503626481467e+00
2.450000000000000178e+00 1.233369942708291145e+00
2.475000000000000533e+00 1.271074837812001146e+00
2.500000000000000888e+00 1.302873350927036489e+00
2.525000000000000355e+00 1.324627575737706620e+00
2.550000000000000711e+00 1.338208313385911730e+00
2.575000000000000178e+00 1.345030870684325919e+00
2.600000000000000533e+00 1.345185706694896011e+00
2.625000000000000000e+00 1.340160198112189116e+00
2.650000000000000799e+00 1.330405160199409353e+00
2.675000000000000266e+00 1.313991446350082581e+00
2.700000000000001066e+00 1.291564715797456797e+00
2.725000000000000533e+00 1.263238978639092069e+00
2.750000000000000888e+00 1.230089170610077165e+00
2.775000000000000355e+00 1.193708546826387717e+00
2.799999999999999822e+00 1.157609021628194235e+00
2.825000000000000178e+00 1.120923917815535686e+00
2.849999999999999645e+00 1.080790173782246955e+00
2.875000000000000444e+00 1.039077777406580472e+00
2.899999999999999911e+00 9.949590109813069017e-01
2.925000000000000711e+00 9.533283145247790635e-01
2.950000000000000178e+00 9.152645147650342317e-01
2.975000000000000533e+00 8.814976410057643319e-01
3.000000000000000000e+00 8.543601412075899626e-01
3.025000000000000355e+00 8.330867222370376135e-01
3.049999999999999822e+00 8.152294931405855705e-01
3.075000000000000622e+00 7.995320974876278797e-01
3.100000000000000089e+00 7.875576257882627162e-01
3.125000000000000888e+00 7.792905521038855365e-01
3.150000000000000355e+00 7.755726330335257490e-01
3.175000000000000711e+00 7.743737819620881702e-01
3.200000000000000178e+00 7.783795144664156229e-01
3.225000000000000533e+00 7.873721593115480255e-01
3.250000000000000000e+00 7.973670049593833964e-01
3.275000000000000799e+00 8.101482983347207956e-01
3.300000000000000266e+00 8.246602483660837590e-01
3.325000000000001066e+00 8.423074588233744331e-01
3.350000000000000533e+00 8.633757873285383688e-01
3.375000000000000888e+00 8.849366380877545790e-01
3.400000000000000355e+00 9.091873115929618443e-01
3.425000000000000711e+00 9.356479788884253246e-01
3.450000000000000178e+00 9.623181542174999992e-01
3.475000000000000977e+00 9.893873513396398423e-01
3.500000000000000444e+00 1.014122675906587112e+00
3.525000000000001243e+00 1.039242982645374402e+00
3.550000000000000711e+00 1.061962276967836294e+00
3.575000000000001066e+00 1.082422701461437597e+00
3.600000000000000533e+00 1.101953320510877354e+00
3.625000000000000000e+00 1.118159334019986018e+00
3.650000000000000355e+00 1.131607259128102561e+00
3.674999999999999822e+00 1.141376670686535144e+00
3.700000000000000622e+00 1.148664858450517912e+00
3.725000000000000089e+00 1.152396453769137796e+00
3.750000000000000888e+00 1.153163018104428561e+00
3.775000000000000355e+00 1.152251729173968675e+00
3.800000000000000711e+00 1.150080271336912929e+00
3.825000000000000178e+00 1.144357119534823886e+00
3.850000000000000533e+00 1.136671993571167771e+00
3.875000000000000000e+00 1.126253242752387917e+00
3.900000000000000799e+00 1.115806379925466718e+00
3.925000000000000266e+00 1.102167470117197068e+00
3.950000000000001066e+00 1.088671050277254082e+00
3.975000000000000533e+00 1.072880344046178047e+00
4.000000000000000888e+00 1.056248278545745212e+00
4.025000000000000355e+00 1.039590579879643206e+00
4.050000000000000711e+00 1.021544196829527351e+00
4.075000000000000178e+00 1.003538758713346191e+00
4.100000000000000533e+00 9.880836695345175391e-01
4.125000000000000888e+00 9.718645938983838661e-01
4.150000000000001243e+00 9.587623615912526098e-01
4.175000000000000711e+00 9.446726668624445544e-01
4.200000000000001066e+00 9.334138778958790406e-01
4.225000000000000533e+00 9.243065702954871288e-01
4.250000000000000888e+00 9.161175605392677390e-01
4.275000000000000355e+00 9.095810211093006137e-01
4.300000000000001599e+00 9.039746589333902405e-01
4.325000000000000178e+00 8.993995388174685912e-01
4.350000000000001421e+00 8.952578786605392969e-01
4.375000000000000888e+00 8.930988641918128357e-01
4.400000000000000355e+00 8.931401493217712151e-01
4.425000000000000711e+00 8.955503387583280128e-01
4.450000000000000178e+00 9.000661951412599615e-01
4.475000000000000533e+00 9.078541226109455575e-01
4.500000000000000000e+00 9.168935516919073381e-01
4.525000000000001243e+00 9.282196056806490958e-01
4.549999999999999822e+00 9.384792125376859584e-01
4.575000000000001066e+00 9.505697402046021649e-01
4.600000000000000533e+00 9.619064164910428039e-01
4.625000000000000888e+00 9.736508915658939056e-01
4.650000000000000355e+00 9.856040110003431165e-01
4.675000000000000711e+00 9.989414426568692384e-01
4.700000000000000178e+00 1.010892160243689331e+00
4.725000000000000533e+00 1.023246373540366294e+00
4.750000000000000888e+00 1.033429202490504739e+00
4.775000000000001243e+00 1.044334970329488188e+00
4.800000000000000711e+00 1.054765172693817643e+00
4.825000000000001066e+00 1.062964183462708379e+00
4.850000000000000533e+00 1.070271682553134873e+00
4.875000000000000888e+00 1.076839084120328360e+00
4.900000000000000355e+00 1.080374271551282517e+00
4.925000000000001599e+00 1.081509319306537265e+00
4.950000000000000178e+00 1.079976658839941095e+00
4.975000000000001421e+00 1.079885372114583575e+00
5.000000000000000888e+00 1.080754956979443460e+00
