1.734723475976807094e-18 0.000000000000000000e+00
2.500000000000000486e-02 0.000000000000000000e+00
5.000000000000001665e-02 0.000000000000000000e+00
7.500000000000001110e-02 0.000000000000000000e+00
1.000000000000000333e-01 0.000000000000000000e+00
1.250000000000000000e-01 0.000000000000000000e+00
1.499999999999999944e-01 0.000000000000000000e+00
1.750000000000000167e-01 0.000000000000000000e+00
2.000000000000000389e-01 0.000000000000000000e+00
2.250000000000000611e-01 0.000000000000000000e+00
2.500000000000000000e-01 0.000000000000000000e+00
2.750000000000000222e-01 0.000000000000000000e+00
3.000000000000000444e-01 0.000000000000000000e+00
3.250000000000000111e-01 0.000000000000000000e+00
3.500000000000000333e-01 0.000000000000000000e+00
3.750000000000000555e-01 0.000000000000000000e+00
4.000000000000000777e-01 0.000000000000000000e+00
4.250000000000000999e-01 0.000000000000000000e+00
4.500000000000001221e-01 0.000000000000000000e+00
4.750000000000000888e-01 0.000000000000000000e+00
5.000000000000001110e-01 0.000000000000000000e+00
5.250000000000001332e-01 0.000000000000000000e+00
5.500000000000001554e-01 0.000000000000000000e+00
5.750000000000001776e-01 0.000000000000000000e+00
6.000000000000001998e-01 0.000000000000000000e+00
6.250000000000002220e-01 0.000000000000000000e+00
6.500000000000002442e-01 0.000000000000000000e+00
6.750000000000000444e-01 0.000000000000000000e+00
7.000000000000001776e-01 0.000000000000000000e+00
7.250000000000000888e-01 0.000000000000000000e+00
7.500000000000002220e-01 0.000000000000000000e+00
7.750000000000001332e-01 0.000000000000000000e+00
8.000000000000002665e-01 0.000000000000000000e+00
8.250000000000001776e-01 0.000000000000000000e+00
8.500000000000003109e-01 0.000000000000000000e+00
8.750000000000002220e-01 9.055949951138259069e-03
9.000000000000003553e-01 1.037568776895179956e-01
9.250000000000001554e-01 2.837010525637874148e-01
9.500000000000001776e-01 5.520279583478018282e-01
9.750000000000001998e-01 8.716044698664097146e-01
1.000000000000000222e+00 1.197057497205298970e+00
1.025000000000000355e+00 1.464692561379856262e+00
1.050000000000000266e+00 1.644827274497300262e+00
1.075000000000000178e+00 1.732310756362424486e+00
1.100000000000000311e+00 1.746419987892070536e+00
1.125000000000000222e+00 1.712174970229775273e+00
1.150000000000000133e+00 1.654221875669914521e+00
1.175000000000000266e+00 1.582235407170968333e+00
1.200000000000000400e+00 1.514544048480414684e+00
1.225000000000000311e+00 1.442339757891426100e+00
1.250000000000000222e+00 1.372339781997472752e+00
1.275000000000000355e+00 1.312825961299209698e+00
1.300000000000000488e+00 1.260061069419839530e+00
1.325000000000000400e+00 1.217066664041449586e+00
1.350000000000000311e+00 1.175670743858615142e+00
1.375000000000000444e+00 1.138298875471076110e+00
1.400000000000000133e+00 1.106550635966203622e+00
1.425000000000000266e+00 1.072782822847446971e+00
1.450000000000000178e+00 1.038459124942754164e+00
1.475000000000000311e+00 1.009867298483433373e+00
1.500000000000000222e+00 9.838320905388436843e-01
1.525000000000000355e+00 9.653525869571233375e-01
1.550000000000000266e+00 9.473575775637623764e-01
1.575000000000000400e+00 9.318790557149139175e-01
1.600000000000000311e+00 9.206375793010054265e-01
1.625000000000000444e+00 9.081069571309871025e-01
1.650000000000000355e+00 8.983312612360679905e-01
1.675000000000000488e+00 8.886687440974048169e-01
1.700000000000000400e+00 8.824844199722571281e-01
1.725000000000000533e+00 8.820243054954037820e-01
1.750000000000000444e+00 8.833240709851852834e-01
1.775000000000000577e+00 8.844039335329896279e-01
1.800000000000000266e+00 8.882700532078751099e-01
1.825000000000000400e+00 8.926469059949775353e-01
1.850000000000000311e+00 9.002420916575036847e-01
1.875000000000000222e+00 9.085887258433494873e-01
1.900000000000000355e+00 9.220499846515358700e-01
1.925000000000000488e+00 9.397340496653543429e-01
1.950000000000000400e+00 9.566968984681405441e-01
1.975000000000000311e+00 9.710064399864065665e-01
2.000000000000000000e+00 9.820370899117466523e-01
2.025000000000000355e+00 9.938823569240935463e-01
2.050000000000000266e+00 1.003697252562975262e+00
2.075000000000000178e+00 1.012027455772297024e+00
2.100000000000000533e+00 1.023110287305557975e+00
2.125000000000000444e+00 1.031372295649710669e+00
2.150000000000000355e+00 1.036337830202992860e+00
2.175000000000000266e+00 1.040305821235293360e+00
2.200000000000000178e+00 1.040727185902744933e+00
2.225000000000000089e+00 1.042953125093371014e+00
2.250000000000000000e+00 1.040294600492619459e+00
2.275000000000000355e+00 1.038139101201342118e+00
2.300000000000000266e+00 1.036014619456957053e+00
2.325000000000000178e+00 1.032873142585076343e+00
2.350000000000000089e+00 1.030454303378580239e+00
2.375000000000000444e+00 1.030095013815304439e+00
2.400000000000000355e+00 1.029713193442139296e+00
2.425000000000000266e+00 1.028298204392608994e+00
2.450000000000000178e+00 1.023623396857649581e+00
2.475000000000000533e+00 1.019581713654674537e+00
2.500000000000000888e+00 1.015426523673563342e+00
2.525000000000000355e+00 1.011522662632788450e+00
2.550000000000000711e+00 1.008682909143789441e+00
2.575000000000000178e+00 1.007480253737408793e+00
2.600000000000000533e+00 1.005353970696350796e+00
2.625000000000000000e+00 1.004093278093177277e+00
2.650000000000000799e+00 1.002709821916518473e+00
2.675000000000000266e+00 1.001253742568573690e+00
2.700000000000001066e+00 9.989801756156555523e-01
2.725000000000000533e+00 9.976353170070646481e-01
2.750000000000000888e+00 9.963138000306271946e-01
2.775000000000000355e+00 9.938038299644896822e-01
2.799999999999999822e+00 9.911682449647301052e-01
2.825000000000000178e+00 9.901705230817081649e-01
2.849999999999999645e+00 9.882328258309358571e-01
2.875000000000000444e+00 9.864999127482835251e-01
2.899999999999999911e+00 9.827937206046549745e-01
2.925000000000000711e+00 9.838706984170200176e-01
2.950000000000000178e+00 9.839501304724770359e-01
2.975000000000000533e+00 9.842495323985448463e-01
3.000000000000000000e+00 9.862304702710212867e-01
3.025000000000000355e+00 9.879558921095044077e-01
3.049999999999999822e+00 9.881134702320911734e-01
3.075000000000000622e+00 9.875388940016252004e-01
3.100000000000000089e+00 9.878028549693547156e-01
3.125000000000000888e+00 9.898927812157105599e-01
3.150000000000000355e+00 9.899888705637225339e-01
3.175000000000000711e+00 9.911154516351448063e-01
3.200000000000000178e+00 9.934156035506116478e-01
3.225000000000000533e+00 9.947850845707170153e-01
3.250000000000000000e+00 9.958384565534864619e-01
3.275000000000000799e+00 9.968377072871618116e-01
3.300000000000000266e+00 1.001391032830538430e+00
3.325000000000001066e+00 1.005206002300905510e+00
3.350000000000000533e+00 1.008119655825284733e+00
3.375000000000000888e+00 1.010930373334376631e+00
3.400000000000000355e+00 1.012966684408489026e+00
3.425000000000000711e+00 1.012507811888020859e+00
3.450000000000000178e+00 1.012771203873623627e+00
3.475000000000000977e+00 1.012196343859605996e+00
3.500000000000000444e+00 1.012521240800402511e+00
3.525000000000001243e+00 1.011522380841702207e+00
3.550000000000000711e+00 1.010353393200135397e+00
3.575000000000001066e+00 1.009450770974376077e+00
3.600000000000000533e+00 1.008067793094725939e+00
3.625000000000000000e+00 1.006963435931609308e+00
3.650000000000000355e+00 1.005959275841034062e+00
3.674999999999999822e+00 1.005721325135080946e+00
3.700000000000000622e+00 1.006049332120387163e+00
3.725000000000000089e+00 1.004825643410075742e+00
3.750000000000000888e+00 1.004057321863100372e+00
3.775000000000000355e+00 1.004107204393886343e+00
3.800000000000000711e+00 1.002355341692619417e+00
3.825000000000000178e+00 1.001042625354739757e+00
3.850000000000000533e+00 9.998430317198401251e-01
3.875000000000000000e+00 1.000895905718231615e+00
3.900000000000000799e+00 1.001455175447198087e+00
3.925000000000000266e+00 1.001155527295263026e+00
3.950000000000001066e+00 1.000372505922565658e+00
3.975000000000000533e+00 9.994310733228866095e-01
4.000000000000000888e+00 9.979829305332300615e-01
4.025000000000000355e+00 9.954403254788362077e-01
4.050000000000000711e+00 9.939805267223283947e-01
4.075000000000000178e+00 9.931756903810862180e-01
4.100000000000000533e+00 9.921962343142900487e-01
4.125000000000000888e+00 9.922084785251161776e-01
4.150000000000001243e+00 9.925343429283324248e-01
4.175000000000000711e+00 9.929238692706769953e-01
4.200000000000001066e+00 9.943383378742474132e-01
4.225000000000000533e+00 9.950450064534734906e-01
4.250000000000000888e+00 9.960312718853276959e-01
4.275000000000000355e+00 9.955629068507469981e-01
4.300000000000001599e+00 9.966216427018950164e-01
4.325000000000000178e+00 9.982662559820840720e-01
4.350000000000001421e+00 1.000819322194905325e+00
4.375000000000000888e+00 1.002460973932783661e+00
4.400000000000000355e+00 1.003560371443324328e+00
4.425000000000000711e+00 1.004009055682781426e+00
4.450000000000000178e+00 1.003677781444906936e+00
4.475000000000000533e+00 1.001722154031147616e+00
4.500000000000000000e+00 1.000955429599955426e+00
4.525000000000001243e+00 1.000933126441848620e+00
4.549999999999999822e+00 1.001796743089745201e+00
4.575000000000001066e+00 1.002863149668224985e+00
4.600000000000000533e+00 1.002032936815264286e+00
4.625000000000000888e+00 1.002041149910225748e+00
4.650000000000000355e+00 1.001905005453122444e+00
4.675000000000000711e+00 1.001845364643937586e+00
4.700000000000000178e+00 1.003132646247569593e+00
4.725000000000000533e+00 1.004330517634818509e+00
4.750000000000000888e+00 1.004768529724146653e+00
4.775000000000001243e+00 1.005562330524280457e+00
4.800000000000000711e+00 1.004850058009410851e+00
4.825000000000001066e+00 1.003652713353392345e+00
4.850000000000000533e+00 1.002382837633167822e+00
4.875000000000000888e+00 1.001761417748858074e+00
4.900000000000000355e+00 1.001182754593802127e+00
4.925000000000001599e+00 1.000141650731544818e+00
4.950000000000000178e+00 1.000528209276995817e+00
4.975000000000001421e+00 1.001873529644286887e+00
5.000000000000000888e+00 1.002861067880360224e+00
