-3.415300546448091223e-04 0.000000000000000000e+00
4.064207650273224393e-02 0.000000000000000000e+00
8.162568306010929697e-02 0.000000000000000000e+00
1.226092896174863361e-01 0.000000000000000000e+00
1.635928961748633614e-01 0.000000000000000000e+00
2.045765027322404006e-01 0.000000000000000000e+00
2.455601092896174953e-01 0.000000000000000000e+00
2.865437158469945067e-01 0.000000000000000000e+00
3.275273224043716014e-01 0.000000000000000000e+00
3.685109289617485850e-01 0.000000000000000000e+00
4.094945355191256797e-01 0.000000000000000000e+00
4.504781420765027189e-01 0.000000000000000000e+00
4.914617486338797581e-01 0.000000000000000000e+00
5.324453551912567972e-01 0.000000000000000000e+00
5.734289617486337809e-01 0.000000000000000000e+00
6.144125683060107646e-01 0.000000000000000000e+00
6.553961748633879703e-01 0.000000000000000000e+00
6.963797814207649539e-01 0.000000000000000000e+00
7.373633879781419376e-01 6.315789473684207348e-04
7.783469945355190323e-01 8.421052631578935903e-04
8.193306010928961269e-01 2.676691729323306748e-03
8.603142076502731106e-01 4.330827067669169514e-03
9.012978142076500943e-01 9.323308270676684828e-03
9.422814207650273000e-01 2.105263157894735060e-02
9.832650273224042836e-01 5.079699248120297245e-02
1.024248633879781378e+00 8.330827067669167862e-02
1.065232240437158362e+00 1.247819548872179662e-01
1.106215846994535568e+00 1.529323308270675863e-01
1.147199453551912551e+00 1.670375939849623181e-01
1.188183060109289535e+00 1.443007518796991795e-01
1.229166666666666741e+00 1.034285714285713698e-01
1.270150273224043724e+00 6.682706766917287378e-02
1.311133879781420708e+00 4.156390977443606000e-02
1.352117486338797692e+00 2.189473684210524462e-02
1.393101092896174897e+00 3.157894736842099120e-03
1.434084699453551881e+00 5.112781954887200397e-04
1.475068306010928865e+00 6.015037593984956694e-04
1.516051912568306070e+00 2.706766917293231488e-04
1.557035519125683054e+00 0.000000000000000000e+00
1.598019125683060038e+00 0.000000000000000000e+00
1.639002732240437021e+00 0.000000000000000000e+00
1.679986338797814227e+00 0.000000000000000000e+00
1.720969945355191211e+00 0.000000000000000000e+00
1.761953551912568194e+00 0.000000000000000000e+00
1.802937158469945400e+00 0.000000000000000000e+00
1.843920765027322384e+00 0.000000000000000000e+00
1.884904371584699367e+00 0.000000000000000000e+00
1.925887978142076351e+00 0.000000000000000000e+00
1.966871584699453557e+00 0.000000000000000000e+00
2.007855191256830540e+00 0.000000000000000000e+00
2.048838797814207080e+00 0.000000000000000000e+00
2.089822404371584508e+00 0.000000000000000000e+00
2.130806010928961047e+00 0.000000000000000000e+00
2.171789617486338475e+00 0.000000000000000000e+00
2.212773224043715903e+00 0.000000000000000000e+00
2.253756830601092442e+00 0.000000000000000000e+00
2.294740437158469870e+00 0.000000000000000000e+00
2.335724043715846410e+00 0.000000000000000000e+00
2.376707650273223837e+00 0.000000000000000000e+00
2.417691256830600377e+00 0.000000000000000000e+00
2.458674863387977805e+00 0.000000000000000000e+00
