-3.415300546448091223e-04 0.000000000000000000e+00
4.064207650273224393e-02 0.000000000000000000e+00
8.162568306010929697e-02 0.000000000000000000e+00
1.226092896174863361e-01 0.000000000000000000e+00
1.635928961748633614e-01 0.000000000000000000e+00
2.045765027322404006e-01 0.000000000000000000e+00
2.455601092896174953e-01 0.000000000000000000e+00
2.865437158469945067e-01 0.000000000000000000e+00
3.275273224043716014e-01 0.000000000000000000e+00
3.685109289617485850e-01 0.000000000000000000e+00
4.094945355191256797e-01 0.000000000000000000e+00
4.504781420765027189e-01 0.000000000000000000e+00
4.914617486338797581e-01 0.000000000000000000e+00
5.324453551912567972e-01 0.000000000000000000e+00
5.734289617486337809e-01 0.000000000000000000e+00
6.144125683060107646e-01 0.000000000000000000e+00
6.553961748633879703e-01 0.000000000000000000e+00
6.963797814207649539e-01 0.000000000000000000e+00
7.373633879781419376e-01 0.000000000000000000e+00
7.783469945355190323e-01 0.000000000000000000e+00
8.193306010928961269e-01 9.924812030075173992e-04
8.603142076502731106e-01 5.233082706766912368e-03
9.012978142076500943e-01 1.386466165413532611e-02
9.422814207650273000e-01 2.766917293233080513e-02
9.832650273224042836e-01 6.878195488721799977e-02
1.024248633879781378e+00 1.147067669172931736e-01
1.065232240437158362e+00 1.637293233082705579e-01
1.106215846994535568e+00 1.814135338345863602e-01
1.147199453551912551e+00 1.678496240601502487e-01
1.188183060109289535e+00 1.179548872180450486e-01
1.229166666666666741e+00 7.344360902255633872e-02
1.270150273224043724e+00 4.219548872180448051e-02
1.311133879781420708e+00 1.819548872180449736e-02
1.352117486338797692e+00 4.120300751879693406e-03
1.393101092896174897e+00 0.000000000000000000e+00
1.434084699453551881e+00 6.315789473684207348e-04
1.475068306010928865e+00 4.210526315789470662e-04
1.516051912568306070e+00 3.609022556390976402e-04
1.557035519125683054e+00 0.000000000000000000e+00
1.598019125683060038e+00 0.000000000000000000e+00
1.639002732240437021e+00 0.000000000000000000e+00
1.679986338797814227e+00 0.000000000000000000e+00
1.720969945355191211e+00 0.000000000000000000e+00
1.761953551912568194e+00 0.000000000000000000e+00
1.802937158469945400e+00 0.000000000000000000e+00
1.843920765027322384e+00 0.000000000000000000e+00
1.884904371584699367e+00 0.000000000000000000e+00
1.925887978142076351e+00 0.000000000000000000e+00
1.966871584699453557e+00 0.000000000000000000e+00
2.007855191256830540e+00 0.000000000000000000e+00
2.048838797814207080e+00 0.000000000000000000e+00
2.089822404371584508e+00 0.000000000000000000e+00
2.130806010928961047e+00 0.000000000000000000e+00
2.171789617486338475e+00 0.000000000000000000e+00
2.212773224043715903e+00 0.000000000000000000e+00
2.253756830601092442e+00 0.000000000000000000e+00
2.294740437158469870e+00 0.000000000000000000e+00
2.335724043715846410e+00 0.000000000000000000e+00
2.376707650273223837e+00 0.000000000000000000e+00
2.417691256830600377e+00 0.000000000000000000e+00
2.458674863387977805e+00 0.000000000000000000e+00
