5.000000000000000278e-03 0.000000000000000000e+00 0.000000000000000000e+00
1.500000000000000222e-02 0.000000000000000000e+00 0.000000000000000000e+00
2.500000000000000000e-02 0.000000000000000000e+00 0.000000000000000000e+00
3.500000000000000333e-02 0.000000000000000000e+00 0.000000000000000000e+00
4.500000000000000111e-02 0.000000000000000000e+00 0.000000000000000000e+00
5.500000000000000444e-02 0.000000000000000000e+00 0.000000000000000000e+00
6.500000000000000222e-02 0.000000000000000000e+00 0.000000000000000000e+00
7.500000000000000000e-02 0.000000000000000000e+00 0.000000000000000000e+00
8.500000000000000888e-02 0.000000000000000000e+00 0.000000000000000000e+00
9.500000000000000666e-02 0.000000000000000000e+00 0.000000000000000000e+00
1.050000000000000044e-01 0.000000000000000000e+00 0.000000000000000000e+00
1.150000000000000133e-01 0.000000000000000000e+00 0.000000000000000000e+00
1.250000000000000000e-01 0.000000000000000000e+00 0.000000000000000000e+00
1.350000000000000089e-01 0.000000000000000000e+00 0.000000000000000000e+00
1.450000000000000178e-01 0.000000000000000000e+00 0.000000000000000000e+00
1.550000000000000044e-01 0.000000000000000000e+00 0.000000000000000000e+00
1.650000000000000133e-01 0.000000000000000000e+00 0.000000000000000000e+00
1.750000000000000000e-01 0.000000000000000000e+00 0.000000000000000000e+00
1.850000000000000089e-01 0.000000000000000000e+00 0.000000000000000000e+00
1.950000000000000178e-01 3.022807505201877732e-20 1.430615164520743854e-05
2.050000000000000266e-01 3.450073859614100561e-11 1.038626609442060362e-03
2.149999999999999911e-01 4.644813091972336366e-06 1.299570815450643187e-02
2.250000000000000000e-01 3.581407592887125672e-03 6.248640915593703382e-02
2.350000000000000089e-01 1.137747464436899558e-01 1.703032904148785165e-01
2.450000000000000178e-01 7.611065903917983988e-01 3.416824034334763338e-01
2.550000000000000266e-01 2.029460029420223854e+00 5.675679542203142525e-01
2.650000000000000355e-01 3.200131989847412761e+00 8.347782546494990630e-01
2.750000000000000000e-01 3.646421635876116785e+00 1.130145922746780718e+00
2.850000000000000089e-01 3.702446799902773922e+00 1.448351931330471576e+00
2.950000000000000178e-01 3.495989996481091211e+00 1.785387696709584526e+00
3.050000000000000266e-01 3.049470598637778362e+00 2.135945636623747923e+00
3.150000000000000355e-01 2.602351511752036384e+00 2.498194563662373913e+00
3.250000000000000000e-01 2.258052185283625946e+00 2.873015736766811212e+00
3.350000000000000089e-01 1.970916190673025703e+00 3.260569384835478868e+00
3.450000000000000178e-01 1.667682600645813196e+00 3.658097281831190095e+00
3.550000000000000266e-01 1.459693611877393105e+00 4.067937052932761866e+00
3.650000000000000355e-01 1.285416753232592635e+00 4.490311874105866075e+00
3.750000000000000000e-01 1.156572688189418052e+00 4.926826895565095121e+00
3.850000000000000089e-01 1.038189345475357905e+00 5.377101573676680069e+00
3.950000000000000178e-01 9.677389985545923334e-01 5.844454935622313663e+00
4.049999999999999822e-01 8.996694557012168136e-01 6.328655221745353998e+00
4.150000000000000355e-01 8.677608950135213828e-01 6.833402002861225455e+00
4.250000000000000000e-01 8.325220947709010000e-01 7.358394849785409697e+00
4.350000000000000533e-01 8.119444766275524250e-01 7.905636623748208969e+00
4.450000000000000178e-01 8.190623553033031801e-01 8.479327610872678278e+00
4.549999999999999822e-01 8.236574085544340340e-01 9.079762517882690176e+00
4.650000000000000355e-01 8.479090462924360194e-01 9.710529327610872841e+00
4.750000000000000000e-01 8.586256956631687087e-01 1.037037195994277639e+01
4.850000000000000533e-01 8.703321202374972865e-01 1.106015450643776532e+01
4.950000000000000178e-01 9.181996180294673682e-01 1.178640915593705252e+01
5.050000000000000711e-01 9.350599597339765978e-01 1.254505865522174268e+01
5.150000000000000355e-01 9.744394797191074931e-01 1.334058655221745759e+01
5.250000000000000000e-01 9.915892477780364755e-01 1.417019742489270229e+01
5.350000000000000533e-01 9.980353788389412228e-01 1.503282975679542233e+01
5.450000000000000178e-01 1.029288191292361487e+00 1.593354792560801769e+01
5.550000000000000711e-01 1.058317468914912185e+00 1.687283261802574685e+01
5.650000000000000355e-01 1.034944922893486607e+00 1.784193133047210011e+01
5.750000000000000000e-01 1.044239580008068158e+00 1.884743347639485123e+01
5.850000000000000533e-01 1.051719274477280530e+00 1.988969957081546269e+01
5.950000000000000178e-01 1.036529019823350994e+00 2.096476967095851052e+01
6.050000000000000711e-01 1.029827207878660777e+00 2.207483834048640503e+01
6.150000000000000355e-01 1.038615045363823652e+00 2.322385693848353583e+01
6.250000000000000000e-01 1.025714538822773747e+00 2.440758226037195655e+01
6.350000000000000533e-01 1.020029939857717505e+00 2.562813161659514449e+01
6.450000000000000178e-01 1.038692332314141931e+00 2.689200000000000657e+01
6.550000000000000711e-01 1.011151144877201480e+00 2.818837482117307403e+01
6.650000000000000355e-01 1.006063339972401494e+00 2.952328755364808899e+01
6.750000000000000000e-01 9.991872286541051418e-01 3.089676394849784202e+01
6.850000000000000533e-01 9.949579579484134628e-01 3.231003719599427626e+01
6.950000000000000178e-01 1.001682105487939234e+00 3.376683547925609474e+01
7.050000000000000711e-01 1.006250576880511893e+00 3.526722174535050414e+01
7.150000000000000355e-01 9.924613102660071462e-01 3.680622031473533440e+01
7.250000000000000000e-01 9.869144692325134693e-01 3.838679542203143313e+01
7.350000000000000533e-01 9.830028123603318235e-01 4.000998283261802158e+01
7.450000000000000178e-01 9.945027820165026622e-01 4.168152217453503994e+01
7.550000000000000711e-01 9.889762931301947502e-01 4.339632331902718221e+01
7.650000000000000355e-01 9.925334289089132733e-01 4.515811444921313011e+01
7.750000000000000000e-01 9.972784440330484390e-01 4.696799141630900465e+01
7.850000000000000533e-01 9.991930046971609913e-01 4.882558798283263002e+01
7.950000000000000178e-01 1.005367878930438330e+00 5.073316165951361256e+01
8.050000000000000711e-01 9.948192381805445184e-01 5.268490414878396422e+01
8.150000000000000355e-01 1.011091704115953949e+00 5.469193991416308620e+01
8.250000000000000000e-01 9.933935389885896194e-01 5.674127896995711495e+01
8.349999999999999645e-01 1.000498132393915274e+00 5.884359370529328004e+01
8.450000000000001066e-01 1.008265981863458061e+00 6.099989699570813428e+01
8.550000000000000711e-01 1.008254964860146652e+00 6.320753361945636328e+01
8.650000000000000355e-01 1.002753260975328464e+00 6.546464091559371923e+01
8.750000000000000000e-01 1.015408536728482192e+00 6.778003719599429644e+01
8.849999999999999645e-01 1.002684404868875001e+00 7.014269241773962449e+01
8.950000000000001066e-01 1.008210319627631524e+00 7.256169957081546329e+01
9.050000000000000711e-01 1.004495678667874925e+00 7.503323891273247170e+01
9.150000000000000355e-01 1.012353410597487402e+00 7.756363948497853755e+01
9.250000000000000000e-01 1.001656983589361616e+00 8.014416309012877093e+01
9.349999999999999645e-01 9.965877552926439842e-01 8.277810872675246401e+01
9.450000000000001066e-01 1.004042715823475485e+00 8.547270958512163475e+01
9.550000000000000711e-01 9.984869749871126965e-01 8.822158798283263081e+01
9.650000000000000355e-01 9.958676023322866611e-01 9.102686123032907517e+01
9.750000000000000000e-01 1.003937418918162017e+00 9.389520171673817117e+01
9.850000000000001421e-01 9.977559677840834862e-01 9.681906723891273714e+01
9.950000000000001066e-01 9.987601036910142005e-01 9.980320171673821505e+01
