2.475247532129287720e-02 0.000000000000000000e+00
7.425742596387863159e-02 0.000000000000000000e+00
1.237623766064643860e-01 0.000000000000000000e+00
1.732673346996307373e-01 0.000000000000000000e+00
2.227722704410552979e-01 0.000000000000000000e+00
2.722772359848022461e-01 0.000000000000000000e+00
3.217821717262268066e-01 0.000000000000000000e+00
3.712871372699737549e-01 0.000000000000000000e+00
4.207920730113983154e-01 0.000000000000000000e+00
4.702970385551452637e-01 0.000000000000000000e+00
5.198019742965698242e-01 0.000000000000000000e+00
5.693069696426391602e-01 0.000000000000000000e+00
6.188118457794189453e-01 0.000000000000000000e+00
6.683168411254882812e-01 0.000000000000000000e+00
7.178218364715576172e-01 0.000000000000000000e+00
7.673267126083374023e-01 0.000000000000000000e+00
8.168317079544067383e-01 0.000000000000000000e+00
8.663365840911865234e-01 3.909920807927846909e-03
9.158415794372558594e-01 1.296284794807434082e-01
9.653465747833251953e-01 6.326701641082763672e-01
1.014851450920104980e+00 1.221579313278198242e+00
1.064356446266174316e+00 1.578344583511352539e+00
1.113861322402954102e+00 1.639539361000061035e+00
1.163366317749023438e+00 1.551889300346374512e+00
1.212871313095092773e+00 1.445863962173461914e+00
1.262376308441162109e+00 1.354685187339782715e+00
1.311881184577941895e+00 1.254810452461242676e+00
1.361386179924011230e+00 1.196178913116455078e+00
1.410891056060791016e+00 1.126549005508422852e+00
1.460396051406860352e+00 1.071563482284545898e+00
1.509901046752929688e+00 1.034450292587280273e+00
1.559405922889709473e+00 1.004216551780700684e+00
1.608910918235778809e+00 9.908828735351562500e-01
1.658415794372558594e+00 9.701790213584899902e-01
1.707920789718627930e+00 9.732660055160522461e-01
1.757425785064697266e+00 9.613130092620849609e-01
1.806930661201477051e+00 9.788951277732849121e-01
1.856435656547546387e+00 9.689496159553527832e-01
1.905940532684326172e+00 9.713085889816284180e-01
1.955445528030395508e+00 9.899938702583312988e-01
2.004950523376464844e+00 9.915860295295715332e-01
2.054455280303955078e+00 9.918009638786315918e-01
2.103960514068603516e+00 1.008273363113403320e+00
2.153465270996093750e+00 1.021917104721069336e+00
2.202970504760742188e+00 1.018145561218261719e+00
2.252475261688232422e+00 1.017744898796081543e+00
2.301980018615722656e+00 1.015952587127685547e+00
2.351485252380371094e+00 1.024242758750915527e+00
2.400990009307861328e+00 1.023660778999328613e+00
2.450495243072509766e+00 1.015029907226562500e+00
2.500000000000000000e+00 1.002730727195739746e+00
2.549504756927490234e+00 1.000314354896545410e+00
2.599009990692138672e+00 9.957047104835510254e-01
2.648514747619628906e+00 1.000927925109863281e+00
2.698019981384277344e+00 9.999169111251831055e-01
2.747524738311767578e+00 9.945382475852966309e-01
2.797029733657836914e+00 1.002235770225524902e+00
2.846534729003906250e+00 9.941557645797729492e-01
2.896039485931396484e+00 9.938797950744628906e-01
2.945544719696044922e+00 1.000913381576538086e+00
2.995049476623535156e+00 1.000085473060607910e+00
3.044554471969604492e+00 1.002663254737854004e+00
3.094059467315673828e+00 9.980006814002990723e-01
3.143564224243164062e+00 9.997825622558593750e-01
3.193069458007812500e+00 9.983022809028625488e-01
3.242574214935302734e+00 1.005770802497863770e+00
3.292079210281372070e+00 1.002417564392089844e+00
3.341584205627441406e+00 9.996123909950256348e-01
3.391088962554931641e+00 1.003506779670715332e+00
3.440594196319580078e+00 1.002321362495422363e+00
3.490098953247070312e+00 1.001827120780944824e+00
3.539603948593139648e+00 9.974341988563537598e-01
3.589108943939208984e+00 9.968874454498291016e-01
3.638613700866699219e+00 9.956981539726257324e-01
3.688118934631347656e+00 9.990249276161193848e-01
3.737623691558837891e+00 1.000851631164550781e+00
3.787128925323486328e+00 1.000995039939880371e+00
3.836633682250976562e+00 1.000332474708557129e+00
3.886138439178466797e+00 1.003618121147155762e+00
3.935643672943115234e+00 9.973994493484497070e-01
3.985148429870605469e+00 9.949451684951782227e-01
4.034653663635253906e+00 9.949218034744262695e-01
4.084158420562744141e+00 1.002434253692626953e+00
4.133663177490234375e+00 9.988310933113098145e-01
4.183168411254882812e+00 1.000918149948120117e+00
4.232673645019531250e+00 9.996221065521240234e-01
4.282177925109863281e+00 9.993261694908142090e-01
4.331683158874511719e+00 9.958509802818298340e-01
4.381188392639160156e+00 1.002104163169860840e+00
4.430693149566650391e+00 1.002452850341796875e+00
4.480197906494140625e+00 1.000764727592468262e+00
4.529703140258789062e+00 1.000565290451049805e+00
4.579207897186279297e+00 9.948357939720153809e-01
4.628712654113769531e+00 9.963614344596862793e-01
4.678217887878417969e+00 9.968423843383789062e-01
4.727723121643066406e+00 1.001460790634155273e+00
4.777227401733398438e+00 1.002673029899597168e+00
4.826732635498046875e+00 1.002437829971313477e+00
4.876237869262695312e+00 9.983531236648559570e-01
4.925742626190185547e+00 9.997128248214721680e-01
4.975247383117675781e+00 1.000228524208068848e+00
